chrom	start	end	nSites	recombRate
X	159800	319600	51	7.077426280422383e-09
X	319600	479400	130	1.788611392270911e-09
X	479400	639200	313	6.038750398948149e-10
X	639200	799000	417	1.9568665408053898e-10
X	799000	958800	405	5.021747704686856e-10
X	958800	1118600	617	1.24682365900024e-09
X	1118600	1278400	398	0
X	1278400	1438200	383	0
X	1438200	1598000	422	3.1988889101665563e-09
X	1598000	1757800	425	5.866372862063322e-10
X	1757800	1917600	301	3.303287347428075e-10
X	1917600	2077400	365	1.6392809617842003e-09
X	2077400	2237200	531	0
X	2237200	2397000	859	0
X	2397000	2556800	1091	8.523540838200613e-10
X	2556800	2716600	1406	5.642601865657873e-10
X	2716600	2876400	767	1.306075903665394e-09
X	2876400	3036200	890	9.056776132271885e-10
X	3036200	3196000	779	0
X	3196000	3355800	1153	2.1543327340907128e-10
X	3355800	3515600	813	2.73488389416998e-09
X	3515600	3675400	843	3.0826275358968334e-09
X	3675400	3835200	671	0
X	3835200	3995000	1309	1.4114392520534134e-09
X	3995000	4154800	1003	1.2077797189923523e-09
X	4154800	4314600	1125	1.6610668789916099e-09
X	4314600	4474400	1043	2.3936984362347224e-09
X	4474400	4634200	1256	1.038596819370033e-09
X	4634200	4794000	1150	2.320663319230882e-10
X	4794000	4953800	1021	8.526828938590617e-10
X	4953800	5113600	756	5.144972644988029e-10
X	5113600	5273400	985	0
X	5273400	5433200	1285	1.5619025006881925e-09
X	5433200	5593000	1592	1.3006505380218687e-09
X	5593000	5752800	1490	1.728049537758636e-09
X	5752800	5912600	1452	7.931761592322141e-10
X	5912600	6072400	1490	4.35016569881122e-11
X	6072400	6232200	1247	2.4798096302312133e-10
X	6232200	6392000	1175	7.553967866003523e-10
X	6392000	6551800	1252	1.1432653876413965e-09
X	6551800	6711600	1392	3.839834265369981e-09
X	6711600	6871400	1345	5.785821035061879e-09
X	6871400	7031200	1247	2.337813240100741e-10
X	7031200	7191000	833	0
X	7191000	7350800	692	5.137428031079438e-10
X	7350800	7510600	696	0
X	7510600	7670400	730	1.130097221216447e-09
X	7670400	7830200	884	5.562133491044673e-10
X	7830200	7990000	786	3.831026210147137e-09
X	7990000	8149800	1243	2.1655695807506993e-09
X	8149800	8309600	1338	0
X	8309600	8469400	1276	7.101054558514351e-10
X	8469400	8629200	1256	0
X	8629200	8789000	1195	2.1610665835195844e-10
X	8789000	8948800	1408	1.3501499616329382e-09
X	8948800	9108600	1307	8.791498498751352e-10
X	9108600	9268400	1182	1.0089364759699604e-10
X	9268400	9428200	1205	1.3060409957502952e-09
X	9428200	9588000	761	8.489522511905267e-10
X	9588000	9747800	1047	8.223422853287216e-10
X	9747800	9907600	962	1.5377225761420229e-09
X	9907600	10067400	954	6.995520048736149e-10
X	10067400	10227200	1206	9.549202947530117e-10
X	10227200	10387000	964	9.773536974824308e-10
X	10387000	10546800	991	1.3858348593588317e-09
X	10546800	10706600	759	5.730299556882001e-10
X	10706600	10866400	526	5.756379147646644e-10
X	10866400	11026200	1200	0
X	11026200	11186000	1144	7.923710250613695e-10
X	11186000	11345800	1193	8.646799560355113e-10
X	11345800	11505600	1044	5.068265316711361e-10
X	11505600	11665400	502	2.757856804307511e-10
X	11665400	11825200	922	6.162662236933537e-10
X	11825200	11985000	1272	1.3249374384368896e-09
X	11985000	12144800	840	0
X	12144800	12304600	1042	3.2534365925424436e-10
X	12304600	12464400	1350	1.4165493203992688e-09
X	12464400	12624200	1462	1.0480523601148835e-09
X	12624200	12784000	1071	1.9898859264874316e-09
X	12784000	12943800	1046	2.2171444600342334e-10
X	12943800	13103600	1268	2.6567836274746575e-09
X	13103600	13263400	959	1.5033844483019037e-09
X	13263400	13423200	1400	1.3179165670715235e-10
X	13423200	13583000	974	1.1098179746672029e-09
X	13583000	13742800	1042	0
X	13742800	13902600	963	1.233366094698498e-09
X	13902600	14062400	574	2.031347521131401e-09
X	14062400	14222200	1099	5.502778774757752e-10
X	14222200	14382000	964	3.4965610888994187e-09
X	14382000	14541800	958	3.1319760672297314e-09
X	14541800	14701600	1259	1.051417032705763e-09
X	14701600	14861400	1116	0
X	14861400	15021200	1379	5.772200315619132e-10
X	15021200	15181000	729	1.6609756679876401e-09
X	15181000	15340800	971	2.1916581800095668e-09
X	15340800	15500600	1036	5.232895548567641e-10
X	15500600	15660400	1251	2.103651947858432e-09
X	15660400	15820200	1033	1.6903309724627523e-09
X	15820200	15980000	852	0
X	15980000	16139800	826	8.766579989784637e-11
X	16139800	16299600	1370	0
X	16299600	16459400	1228	2.845035257235518e-09
X	16459400	16619200	1071	3.133496250629224e-09
X	16619200	16779000	1774	2.1813107983370126e-09
X	16779000	16938800	1278	1.2508842377695517e-09
X	16938800	17098600	1740	1.465499225862967e-09
X	17098600	17258400	1281	0
X	17258400	17418200	1530	5.238165517685904e-10
X	17418200	17578000	1194	2.7842301733793237e-09
X	17578000	17737800	1056	9.082315213383381e-10
X	17737800	17897600	805	3.576954141190246e-10
X	17897600	18057400	692	0
X	18057400	18217200	905	7.223434952482478e-10
X	18217200	18377000	940	1.9263895549832465e-09
X	18377000	18536800	1337	0
X	18536800	18696600	772	2.326792349668561e-09
X	18696600	18856400	1179	1.722846006285258e-09
X	18856400	19016200	966	7.547785786845562e-10
X	19016200	19176000	1092	1.378358935218655e-09
X	19176000	19335800	1232	0
X	19335800	19495600	923	0
X	19495600	19655400	1024	0
X	19655400	19815200	924	8.65955784029308e-10
X	19815200	19975000	633	1.6606018154775431e-09
X	19975000	20134800	1273	2.0422928416077556e-09
X	20134800	20294600	621	0
X	20294600	20454400	908	2.109507469100927e-09
X	20454400	20614200	1166	6.10160716736276e-10
X	20614200	20774000	1015	1.1817575573783534e-09
X	20774000	20933800	918	1.278762149192712e-09
X	20933800	21093600	1399	1.5022032094974076e-09
X	21093600	21253400	924	0
X	21253400	21413200	987	1.917747154658409e-10
X	21413200	21573000	766	3.003589259740934e-09
X	21573000	21732800	433	4.562407838817332e-09
X	21732800	21892600	81	6.205152928225334e-09
X	21892600	22052400	101	4.322158054361347e-09
X	22372000	22531800	737	0
X	22531800	22691600	893	0
X	22691600	22851400	799	1.917225664238743e-09
X	22851400	23011200	481	1.4350313723517786e-09
X	23011200	23171000	71	5.518711299029506e-09
