chrom	start	end	nSites	recombRate	CI95LO	CI95HI
X	159800	319600	51	4.093827343133289e-09	0	1.5288590637275548e-08
X	319600	479400	130	0	0	8.400873019454024e-09
X	479400	639200	313	0	0	8.400873019454024e-09
X	639200	799000	417	0	0	8.400873019454024e-09
X	799000	958800	405	0	0	8.400873019454024e-09
X	958800	1118600	617	0	0	8.400873019454024e-09
X	1118600	1278400	398	0	0	8.400873019454024e-09
X	1278400	1438200	383	0	0	8.400873019454024e-09
X	1438200	1598000	422	1.1891881293971283e-09	0	9.8690949005112e-09
X	1598000	1757800	425	0	0	8.400873019454024e-09
X	1757800	1917600	301	0	0	8.400873019454024e-09
X	1917600	2077400	365	0	0	8.400873019454024e-09
X	2077400	2237200	531	0	0	8.400873019454024e-09
X	2237200	2397000	859	0	0	8.400873019454024e-09
X	2397000	2556800	1091	0	0	8.400873019454024e-09
X	2556800	2716600	1406	0	0	8.400873019454024e-09
X	2716600	2876400	767	0	0	8.400873019454024e-09
X	2876400	3036200	890	0	0	8.400873019454024e-09
X	3036200	3196000	779	0	0	8.400873019454024e-09
X	3196000	3355800	1153	0	0	8.400873019454024e-09
X	3355800	3515600	813	8.547179233566625e-10	0	6.900892351143983e-09
X	3515600	3675400	843	1.2024615650835157e-09	0	7.248635992870836e-09
X	3675400	3835200	671	0	0	8.400873019454024e-09
X	3835200	3995000	1309	0	0	8.400873019454024e-09
X	3995000	4154800	1003	0	0	8.400873019454024e-09
X	4154800	4314600	1125	0	0	8.400873019454024e-09
X	4314600	4474400	1043	8.111853088444642e-11	0	2.2758028747174923e-08
X	4474400	4634200	1256	0	0	8.400873019454024e-09
X	4634200	4794000	1150	0	0	8.400873019454024e-09
X	4794000	4953800	1021	0	0	8.400873019454024e-09
X	4953800	5113600	756	0	0	8.400873019454024e-09
X	5113600	5273400	985	0	0	8.400873019454024e-09
X	5273400	5433200	1285	0	0	8.400873019454024e-09
X	5433200	5593000	1592	0	0	8.400873019454024e-09
X	5593000	5752800	1490	0	0	8.400873019454024e-09
X	5752800	5912600	1452	0	0	8.400873019454024e-09
X	5912600	6072400	1490	0	0	8.400873019454024e-09
X	6072400	6232200	1247	0	0	8.400873019454024e-09
X	6232200	6392000	1175	0	0	8.400873019454024e-09
X	6392000	6551800	1252	0	0	8.400873019454024e-09
X	6551800	6711600	1392	1.8195355350049062e-09	0	9.207057418122547e-09
X	6711600	6871400	1345	3.2654537383077947e-09	0	1.3990818157125458e-08
X	6871400	7031200	1247	0	0	8.400873019454024e-09
X	7031200	7191000	833	0	0	8.400873019454024e-09
X	7191000	7350800	692	0	0	8.400873019454024e-09
X	7350800	7510600	696	0	0	8.400873019454024e-09
X	7510600	7670400	730	0	0	8.400873019454024e-09
X	7670400	7830200	884	0	0	8.400873019454024e-09
X	7830200	7990000	786	1.8107274797820618e-09	0	9.198249362899703e-09
X	7990000	8149800	1243	2.245189445612991e-10	0	8.625391964015323e-09
X	8149800	8309600	1338	0	0	8.400873019454024e-09
X	8309600	8469400	1276	0	0	8.400873019454024e-09
X	8469400	8629200	1256	0	0	8.400873019454024e-09
X	8629200	8789000	1195	0	0	8.400873019454024e-09
X	8789000	8948800	1408	0	0	8.400873019454024e-09
X	8948800	9108600	1307	0	0	8.400873019454024e-09
X	9108600	9268400	1182	0	0	8.400873019454024e-09
X	9268400	9428200	1205	0	0	8.400873019454024e-09
X	9428200	9588000	761	0	0	8.400873019454024e-09
X	9588000	9747800	1047	0	0	8.400873019454024e-09
X	9747800	9907600	962	0	0	8.400873019454024e-09
X	9907600	10067400	954	0	0	8.400873019454024e-09
X	10067400	10227200	1206	0	0	8.400873019454024e-09
X	10227200	10387000	964	0	0	8.400873019454024e-09
X	10387000	10546800	991	0	0	8.400873019454024e-09
X	10546800	10706600	759	0	0	8.400873019454024e-09
X	10706600	10866400	526	0	0	8.400873019454024e-09
X	10866400	11026200	1200	0	0	8.400873019454024e-09
X	11026200	11186000	1144	0	0	8.400873019454024e-09
X	11186000	11345800	1193	0	0	8.400873019454024e-09
X	11345800	11505600	1044	0	0	8.400873019454024e-09
X	11505600	11665400	502	0	0	8.400873019454024e-09
X	11665400	11825200	922	0	0	8.400873019454024e-09
X	11825200	11985000	1272	0	0	8.400873019454024e-09
X	11985000	12144800	840	0	0	8.400873019454024e-09
X	12144800	12304600	1042	0	0	8.400873019454024e-09
X	12304600	12464400	1350	0	0	8.400873019454024e-09
X	12464400	12624200	1462	0	0	8.400873019454024e-09
X	12624200	12784000	1071	4.8835290298031434e-11	0	8.449708309752055e-09
X	12784000	12943800	1046	0	0	8.400873019454024e-09
X	12943800	13103600	1268	7.92553558559385e-10	0	8.193788339161224e-09
X	13103600	13263400	959	0	0	8.400873019454024e-09
X	13263400	13423200	1400	0	0	8.400873019454024e-09
X	13423200	13583000	974	0	0	8.400873019454024e-09
X	13583000	13742800	1042	0	0	8.400873019454024e-09
X	13742800	13902600	963	0	0	8.400873019454024e-09
X	13902600	14062400	574	9.029688494200065e-11	0	8.491169904396024e-09
X	14062400	14222200	1099	0	0	8.400873019454024e-09
X	14222200	14382000	964	1.4762623585343437e-09	0	8.863784241651985e-09
X	14382000	14541800	958	1.1222752864603034e-09	0	9.802182057574377e-09
X	14541800	14701600	1259	0	0	8.400873019454024e-09
X	14701600	14861400	1116	0	0	8.400873019454024e-09
X	14861400	15021200	1379	0	0	8.400873019454024e-09
X	15021200	15181000	729	0	0	8.400873019454024e-09
X	15181000	15340800	971	2.506075438201666e-10	0	8.65148056327419e-09
X	15340800	15500600	1036	0	0	8.400873019454024e-09
X	15500600	15660400	1251	1.6260131166903177e-10	0	8.563474331123055e-09
X	15660400	15820200	1033	0	0	8.400873019454024e-09
X	15820200	15980000	852	0	0	8.400873019454024e-09
X	15980000	16139800	826	0	0	8.400873019454024e-09
X	16139800	16299600	1370	0	0	8.400873019454024e-09
X	16299600	16459400	1228	9.648692864222004e-10	0	7.011043714209521e-09
X	16459400	16619200	1071	1.1237954698597959e-09	0	9.80370224097387e-09
X	16619200	16779000	1774	2.402601621476124e-10	0	8.641133181601636e-09
X	16779000	16938800	1278	0	0	8.400873019454024e-09
X	16938800	17098600	1740	0	0	8.400873019454024e-09
X	17098600	17258400	1281	0	0	8.400873019454024e-09
X	17258400	17418200	1530	0	0	8.400873019454024e-09
X	17418200	17578000	1194	9.04064202566006e-10	0	6.9502386303533266e-09
X	17578000	17737800	1056	0	0	8.400873019454024e-09
X	17737800	17897600	805	0	0	8.400873019454024e-09
X	17897600	18057400	692	0	0	8.400873019454024e-09
X	18057400	18217200	905	0	0	8.400873019454024e-09
X	18217200	18377000	940	0	0	8.400873019454024e-09
X	18377000	18536800	1337	0	0	8.400873019454024e-09
X	18536800	18696600	772	1.4212444318285022e-11	0	2.2691122660608765e-08
X	18696600	18856400	1179	0	0	8.400873019454024e-09
X	18856400	19016200	966	0	0	8.400873019454024e-09
X	19016200	19176000	1092	0	0	8.400873019454024e-09
X	19176000	19335800	1232	0	0	8.400873019454024e-09
X	19335800	19495600	923	0	0	8.400873019454024e-09
X	19495600	19655400	1024	0	0	8.400873019454024e-09
X	19655400	19815200	924	0	0	8.400873019454024e-09
X	19815200	19975000	633	0	0	8.400873019454024e-09
X	19975000	20134800	1273	1.0124220541835544e-10	0	8.502115224872379e-09
X	20134800	20294600	621	0	0	8.400873019454024e-09
X	20294600	20454400	908	1.6845683291152665e-10	0	8.56932985236555e-09
X	20454400	20614200	1166	0	0	8.400873019454024e-09
X	20614200	20774000	1015	0	0	8.400873019454024e-09
X	20774000	20933800	918	0	0	8.400873019454024e-09
X	20933800	21093600	1399	0	0	8.400873019454024e-09
X	21093600	21253400	924	0	0	8.400873019454024e-09
X	21253400	21413200	987	0	0	8.400873019454024e-09
X	21413200	21573000	766	1.1234232889276164e-09	0	7.169597716714937e-09
X	21573000	21732800	433	2.298252208512659e-09	0	1.152083557217876e-08
X	21732800	21892600	81	3.356967209763135e-09	0	1.3552102834376406e-08
X	21892600	22052400	101	2.0763470658289456e-09	0	1.0806190469549793e-08
X	22372000	22531800	737	0	0	8.400873019454024e-09
X	22531800	22691600	893	0	0	8.400873019454024e-09
X	22691600	22851400	799	0	0	8.400873019454024e-09
X	22851400	23011200	481	0	0	8.400873019454024e-09
X	23011200	23171000	71	3.0280142511664995e-09	0	1.3647963393476289e-08
