chrom	start	end	nSites	recombRate	CI95LO	CI95HI
X	118300	236600	98	3.2169244260354207e-09	1.275315174880591e-09	7.443526116895286e-09
X	236600	354900	191	8.654075841909292e-10	0	3.0381553214744147e-09
X	354900	473200	376	1.2925062756744593e-10	0	2.243340930385727e-09
X	473200	591500	543	1.2925062756744593e-10	0	2.243340930385727e-09
X	591500	709800	666	7.43686679664642e-10	1.0640800538876574e-10	2.5914410291911953e-09
X	709800	828100	907	1.2925062756744593e-10	0	2.243340930385727e-09
X	828100	946400	907	1.2925062756744593e-10	0	2.243340930385727e-09
X	946400	1064700	838	1.1606755434280672e-09	1.330655463328981e-10	3.3334232807115527e-09
X	1064700	1183000	852	0	0	2.4467860448851298e-08
X	1183000	1301300	813	1.2925062756744593e-10	0	2.243340930385727e-09
X	1301300	1419600	583	1.2925062756744593e-10	0	2.243340930385727e-09
X	1419600	1537900	552	8.625074070299404e-10	0	3.035255144313426e-09
X	1537900	1656200	369	1.0573547633672717e-09	2.974476627210263e-11	3.2301025006507573e-09
X	1656200	1774500	788	6.025983481497246e-10	0	2.450352697676278e-09
X	1774500	1892800	547	1.2925062756744593e-10	0	2.243340930385727e-09
X	1892800	2011100	372	3.928929930343925e-10	1.9514362060183842e-10	2.5069832958526738e-09
X	2011100	2129400	631	4.579321095531779e-10	2.601827371206238e-10	2.572022412371459e-09
X	2129400	2247700	746	1.2925062756744593e-10	0	2.243340930385727e-09
X	2247700	2366000	881	2.5995924902384475e-09	8.843919308783057e-10	5.874380375548548e-09
X	2366000	2484300	1166	2.8592573138227525e-09	1.1267034578851285e-09	6.650842826047777e-09
X	2484300	2602600	1373	2.1312750465520814e-09	5.843370466331856e-10	4.953418587633426e-09
X	2602600	2720900	1123	4.036622164961241e-09	1.7633717770315482e-09	7.985340050965503e-09
X	2720900	2839200	951	2.366979126757839e-09	8.200411268389434e-10	5.1891226678391835e-09
X	2839200	2957500	1245	1.9403230537119146e-09	5.556671082541346e-10	4.7415548779906305e-09
X	2957500	3075800	996	1.4088652015150032e-09	1.517264528590418e-10	3.601445607639025e-09
X	3075800	3194100	1114	2.628029526031885e-09	9.128289666717433e-10	5.902817411341986e-09
X	3194100	3312400	1141	2.171208879929886e-09	7.86552934472106e-10	4.972440704208602e-09
X	3312400	3430700	1092	2.1771397309743923e-09	7.924837855166123e-10	4.978371555253108e-09
X	3430700	3549000	1259	2.9998315332497817e-09	1.2672776773121577e-09	6.791417045474806e-09
X	3549000	3667300	1252	2.5083820310225132e-09	7.931814716623715e-10	5.783169916332614e-09
X	3667300	3785600	696	1.6096891808801652e-09	2.6019439829255287e-10	3.8885964437783094e-09
X	3785600	3903900	1385	2.016925754807041e-09	6.322698093492608e-10	4.818157579085757e-09
X	3903900	4022200	1176	4.961697568231073e-09	2.215277698927166e-09	1.125943769762173e-08
X	4022200	4140500	1005	3.6098404847826728e-09	1.5697179916194627e-09	8.498502604344742e-09
X	4140500	4258800	1236	2.4448856701064898e-09	8.97947670187594e-10	5.267029211187834e-09
X	4258800	4377100	1089	3.5390640123596823e-09	1.4989415191964721e-09	8.427726131921752e-09
X	4377100	4495400	1251	4.436796227676589e-09	2.101106630388451e-09	1.0424109450664763e-08
X	4495400	4613700	1342	3.294704972548528e-09	1.3530957213936982e-09	7.521306663408394e-09
X	4613700	4732000	1204	3.814106128532935e-09	1.5408557406032426e-09	7.762824014537198e-09
X	4732000	4850300	1177	1.6248031762866397e-09	2.7530839369902743e-10	3.903710439184784e-09
X	4850300	4968600	1050	2.831793378589537e-09	1.099239522651913e-09	6.623378890814561e-09
X	4968600	5086900	902	2.2374161307799025e-09	6.904781308610067e-10	5.059559671861247e-09
X	5086900	5205200	1140	4.679614458279813e-09	2.044964071533995e-09	1.1364414593938786e-08
X	5205200	5323500	935	1.4165701330028287e-09	1.594313843468673e-10	3.6091505391268505e-09
X	5323500	5441800	1128	4.50803601753515e-09	1.8733856307893318e-09	1.1192836153194123e-08
X	5441800	5560100	1444	4.4648067282545725e-09	1.8301563415087543e-09	1.1149606863913545e-08
X	5560100	5678400	1463	3.816666564226656e-09	1.5434161762969634e-09	7.765384450230917e-09
X	5678400	5796700	1408	3.33309913326513e-09	1.3914898821103003e-09	7.559700824124996e-09
X	5796700	5915000	1410	6.353317772259539e-09	2.7615547741254096e-09	1.4938192583294627e-08
X	5915000	6033300	1471	7.59245630529538e-09	3.720144167685967e-09	1.7192793230725876e-08
X	6033300	6151600	974	3.465522359385212e-09	1.425399866222002e-09	8.354184478947281e-09
X	6151600	6269900	1138	1.8619608968061662e-09	4.773049513483862e-10	4.663192721084882e-09
X	6269900	6388200	1033	1.943541597877e-09	5.588856524192202e-10	4.744773422155716e-09
X	6388200	6506500	1042	4.180967527908017e-09	1.845277930619879e-09	1.0168280750896192e-08
X	6506500	6624800	1353	6.642065395257308e-09	3.0503023971231788e-09	1.5226940206292398e-08
X	6624800	6743100	1258	6.052537341671575e-09	2.7408054529494394e-09	1.3096614507678987e-08
X	6743100	6861400	1223	5.783314165810171e-09	2.471582277088035e-09	1.2827391331817582e-08
X	6861400	6979700	1328	4.750644049345638e-09	2.1159936625998196e-09	1.143544418500461e-08
X	6979700	7098000	1009	1.1228242605379234e-09	0	3.315404666661945e-09
X	7098000	7216300	782	1.2925062756744593e-10	0	2.243340930385727e-09
X	7216300	7334600	685	1.090368184223124e-09	6.275818712795498e-11	3.2631159215066096e-09
X	7334600	7452900	870	1.8631871160092225e-09	4.785311705514425e-10	4.664418940287938e-09
X	7452900	7571200	994	1.2925062756744593e-10	0	2.243340930385727e-09
X	7571200	7689500	768	2.4121287428087077e-09	8.651907428898119e-10	5.234272283890052e-09
X	7689500	7807800	1368	1.9409946618442306e-09	5.563387163864506e-10	4.7422264861229465e-09
X	7807800	7926100	1075	2.9330835846489414e-09	1.2005297287113174e-09	6.7246690968739656e-09
X	7926100	8044400	1062	1.4828647179900631e-09	2.2572596933410166e-10	3.675445124114085e-09
X	8044400	8162700	1224	2.657422787809359e-09	9.422222284492172e-10	5.93221067311946e-09
X	8162700	8281000	1264	2.1029422194720492e-09	7.182862740142692e-10	4.904174043750765e-09
X	8281000	8399300	1228	3.122727946661381e-09	1.390174090723757e-09	6.914313458886405e-09
X	8399300	8517600	1106	3.1958244559688906e-09	1.2542152048140608e-09	7.422426146828756e-09
X	8517600	8635900	1084	3.7016764282893413e-09	1.6615539351261312e-09	8.590338547851409e-09
X	8635900	8754200	1399	2.181804277491952e-09	6.348662775730563e-10	5.003947818573296e-09
X	8754200	8872500	1394	4.296306381130503e-09	1.9606167838423655e-09	1.0283619604118677e-08
X	8872500	8990800	1289	4.785762111914451e-09	2.039342242610544e-09	1.1083502241305109e-08
X	8990800	9109100	1298	3.711978919538502e-09	1.6718564263752917e-09	8.60064103910057e-09
X	9109100	9227400	1022	3.578235528552717e-09	1.5381130353895067e-09	8.466897648114786e-09
X	9227400	9345700	1335	2.4723851850964728e-09	7.57184625736331e-10	5.747173070406574e-09
X	9345700	9464000	729	2.1394547161166857e-09	5.925167161977899e-10	4.96159825719803e-09
X	9464000	9582300	1054	1.9333853529548098e-09	5.487294074970297e-10	4.734617177233526e-09
X	9582300	9700600	1025	2.371521762667876e-09	8.245837627489801e-10	5.19366530374922e-09
X	9700600	9818900	1206	3.0024122184349293e-09	1.2698583624973053e-09	6.7939977306599536e-09
X	9818900	9937200	1230	2.513709897211204e-09	7.985093378510622e-10	5.788497782521305e-09
X	9937200	10055500	1186	2.035362205438189e-09	4.884242055192933e-10	4.857505746519533e-09
X	10055500	10173800	1138	1.7189070628330871e-09	3.6941228024547483e-10	3.997814325731231e-09
X	10173800	10292100	1268	2.115570027320033e-09	7.309140818622531e-10	4.916801851598749e-09
X	10292100	10410400	1184	1.9052689341089593e-09	5.206129886511792e-10	4.706500758387675e-09
X	10410400	10528700	1252	2.669434111140576e-09	9.542335517804343e-10	5.944221996450677e-09
X	10528700	10647000	969	1.4860585127767381e-09	2.2891976412077666e-10	3.67863891890076e-09
X	10647000	10765300	563	6.562595004302437e-10	1.8980826154367484e-11	2.504013849956797e-09
X	10765300	10883600	722	2.980275006159558e-10	1.002781281834017e-10	2.412117803434237e-09
X	10883600	11001900	1404	1.8741162165208633e-09	4.894602710630833e-10	4.675348040799579e-09
X	11001900	11120200	878	2.0427393564889868e-09	6.580834110312067e-10	4.843971180767703e-09
X	11120200	11238500	1035	1.097238386675476e-09	6.962838958030692e-11	3.2699861239589616e-09
X	11238500	11356800	1162	3.592668916052906e-09	1.552546422889696e-09	8.481331035614974e-09
X	11356800	11475100	1125	2.5903497223739445e-09	8.751491630138028e-10	5.8651376076840454e-09
X	11475100	11593400	395	1.2925062756744593e-10	0	2.243340930385727e-09
X	11593400	11711700	664	2.5227749195398506e-09	8.075743601797088e-10	5.7975628048499515e-09
X	11711700	11830000	820	2.0808650626172768e-09	5.33927062698381e-10	4.903008603698621e-09
X	11830000	11948300	969	2.8203175418093793e-09	1.0877636858717553e-09	6.6119030540344035e-09
X	11948300	12066600	797	9.40996685742978e-10	0	3.1137444230264635e-09
X	12066600	12184900	861	1.4992578062716513e-09	2.4211905761568987e-10	3.691838212395673e-09
X	12184900	12303200	1232	3.819049230428457e-09	1.7789267372652467e-09	8.707711349990525e-09
X	12303200	12421500	1232	2.6409959503753926e-09	9.257953910152509e-10	5.9157838356854935e-09
X	12421500	12539800	1516	3.37527657396327e-09	1.43366732280844e-09	7.601878264823135e-09
X	12539800	12658100	1103	1.5966113843338115e-09	2.471166017461992e-10	3.875518647231956e-09
X	12658100	12776400	980	4.196821754723306e-09	1.8611321574351684e-09	1.018413497771148e-08
X	12776400	12894700	1057	2.3067976382379495e-09	7.598596383190538e-10	5.128941179319294e-09
X	12894700	13013000	1016	3.0204252660306468e-09	1.2878714100930228e-09	6.812010778255671e-09
X	13013000	13131300	1375	2.15935321635857e-09	6.124152164396743e-10	4.981496757439914e-09
X	13131300	13249600	1237	1.0515274097233917e-09	2.3917412628222568e-11	3.2242751470068772e-09
X	13249600	13367900	1420	2.0788948234312027e-09	6.942388779734226e-10	4.8801266477099186e-09
X	13367900	13486200	1240	2.0255047893414494e-09	6.408488438836693e-10	4.826736613620165e-09
X	13486200	13604500	1056	1.675559651519188e-09	3.2606486893157567e-10	3.954466914417332e-09
X	13604500	13722800	974	0	0	2.4467860448851298e-08
X	13722800	13841100	1158	2.237143887617389e-09	6.902058876984933e-10	5.059287428698733e-09
X	13841100	13959400	862	3.871826178872745e-09	1.5985757909430522e-09	7.820544064877008e-09
X	13959400	14077700	786	1.1414891503013542e-09	1.138791532061851e-10	3.3142368875848397e-09
X	14077700	14196000	1284	3.0618557254894944e-09	1.3293018695518704e-09	6.8534412377145186e-09
X	14196000	14314300	1154	1.037157020640973e-09	9.547023545803988e-12	3.2099047579244586e-09
X	14314300	14432600	1514	2.0093693195896774e-09	6.247133741318974e-10	4.810601143868393e-09
X	14432600	14550900	1420	2.410292788919362e-09	8.633547890004661e-10	5.232436330000706e-09
X	14550900	14669200	1351	3.126426853761975e-09	1.393872997824351e-09	6.918012365986999e-09
X	14669200	14787500	1191	1.510556670629443e-09	1.6106188804183064e-10	3.789463933527587e-09
X	14787500	14905800	1733	1.5425137430158738e-09	1.9301896042826153e-10	3.821421005914018e-09
X	14905800	15024100	1452	1.907756246639194e-09	5.231003011814142e-10	4.70898807091791e-09
X	15024100	15142400	1090	6.111481334187388e-10	0	2.458902482945292e-09
X	15142400	15260700	1226	1.8639532217681956e-09	4.792972763104155e-10	4.6651850460469115e-09
X	15260700	15379000	1142	3.3885231162715107e-09	1.446913865116681e-09	7.615124807131376e-09
X	15379000	15497300	1053	1.9257974185285584e-09	5.411414730707784e-10	4.727029242807274e-09
X	15497300	15615600	1324	2.7458073179995345e-09	1.0306067586393928e-09	6.0205952033096354e-09
X	15615600	15733900	1056	3.3079537648002608e-09	1.366344513645431e-09	7.534555455660126e-09
X	15733900	15852200	821	9.55037458103842e-10	0	3.1277851953873275e-09
X	15852200	15970500	764	1.4842289568596089e-09	1.3473417427199658e-10	3.763136219757753e-09
X	15970500	16088800	563	1.9895326927938195e-09	6.048767473360395e-10	4.7907645170725354e-09
X	16088800	16207100	1361	3.0774298343400505e-09	1.3448759784024265e-09	6.869015346565075e-09
X	16207100	16325400	1131	2.517168060358171e-09	8.019675009980291e-10	5.791955945668272e-09
X	16325400	16443700	1194	5.565263815508462e-09	2.422000166145114e-09	1.1699136469754379e-08
X	16443700	16562000	1033	3.834419743349064e-09	1.561169355419371e-09	7.783137629353326e-09
X	16562000	16680300	998	3.038440563569856e-09	1.305886707632232e-09	6.83002607579488e-09
X	16680300	16798600	1521	2.174437548840685e-09	7.897816033829051e-10	4.975669373119401e-09
X	16798600	16916900	1428	2.9058356439909425e-09	1.1732817880533185e-09	6.697421156215967e-09
X	16916900	17035200	1645	7.0402708963618785e-09	3.294126701512458e-09	1.5907187785977927e-08
X	17035200	17153500	1357	3.776700817981e-09	1.5034504300513074e-09	7.725418703985261e-09
X	17153500	17271800	1337	1.408720080159779e-09	1.515813315038176e-10	3.601300486283801e-09
X	17271800	17390100	1601	5.253769402620281e-09	2.376912472164252e-09	1.2000807219954269e-08
X	17390100	17508400	1353	2.4526052262270124e-09	9.056672263081166e-10	5.274748767308357e-09
X	17508400	17626700	968	6.915543639868295e-10	5.427568971095329e-11	2.539308713513383e-09
X	17626700	17745000	1050	1.052605132655986e-09	2.499513556081683e-11	3.2253528699394715e-09
X	17745000	17863300	1104	6.055975228243559e-10	0	2.453351872350909e-09
X	17863300	17981600	642	1.1500299357963975e-09	1.2241993870122844e-10	3.322777673079883e-09
X	17981600	18099900	1197	1.568131722654935e-10	0	2.2709034750837747e-09
X	18099900	18218200	990	1.4315007580147173e-09	1.743620093587558e-10	3.624081164138739e-09
X	18218200	18336500	1112	2.615328595020417e-09	9.001280356602751e-10	5.890116480330518e-09
X	18336500	18454800	1070	1.604893426327296e-09	2.5539864373968366e-10	3.88380068922544e-09
X	18454800	18573100	1600	3.2549540959063426e-09	1.3133448447515128e-09	7.481555786766208e-09
X	18573100	18691400	806	2.427882847138612e-09	8.809448472197163e-10	5.250026388219956e-09
X	18691400	18809700	1111	8.082072707977358e-10	0	2.9809550080812213e-09
X	18809700	18928000	961	1.4388490734590857e-09	1.8171032480312428e-10	3.6314294795831075e-09
X	18928000	19046300	1215	4.436527188505563e-09	1.8018768017597447e-09	1.1121327324164536e-08
X	19046300	19164600	1171	5.256482834471446e-09	2.379625904015417e-09	1.2003520651805434e-08
X	19164600	19282900	975	3.3930196283399657e-09	1.451410377185136e-09	7.619621319199831e-09
X	19282900	19401200	943	3.3684637450699607e-09	1.4268544939151309e-09	7.595065435929826e-09
X	19401200	19519500	776	2.351555764121237e-09	8.046177642023412e-10	5.173699305202581e-09
X	19519500	19637800	1162	2.2212525367344838e-09	6.74314536815588e-10	5.043396077815828e-09
X	19637800	19756100	891	2.999690911781543e-09	1.2671370558439189e-09	6.791276424006567e-09
X	19756100	19874400	981	7.388549260159012e-10	1.015762517400249e-10	2.5866092755424545e-09
X	19874400	19992700	918	1.922738620351394e-09	5.380826748936141e-10	4.72397044463011e-09
X	19992700	20111000	1088	3.3917079112842182e-09	1.4500986601293884e-09	7.618309602144084e-09
X	20111000	20229300	566	2.1524942636236775e-09	6.055562637047817e-10	4.974637804705022e-09
X	20229300	20347600	797	2.403662205448893e-09	8.567242055299971e-10	5.225805746530237e-09
X	20347600	20465900	1222	1.1794940707938638e-09	1.5188407369869471e-10	3.3522418080773494e-09
X	20465900	20584200	1373	2.31246524589391e-09	7.655272459750141e-10	5.134608786975254e-09
X	20584200	20702500	1403	4.888900646552404e-09	2.142480777248498e-09	1.1186640775943062e-08
X	20702500	20820800	1167	2.3724003656014427e-09	8.254623656825469e-10	5.194543906682787e-09
X	20820800	20939100	1237	3.5180450402588597e-09	1.4779225470956495e-09	8.406707159820929e-09
X	20939100	21057400	1271	6.417410787540003e-09	2.8256477894058737e-09	1.500228559857509e-08
X	21057400	21175700	1068	8.560770685302448e-10	0	3.0288248058137303e-09
X	21175700	21294000	1445	3.5682525292793973e-09	1.5281300361161872e-09	8.456914648841465e-09
X	21294000	21412300	1038	3.515108864002001e-09	1.4749863708387908e-09	8.40377098356407e-09
X	21412300	21530600	1300	2.9169987386257365e-09	1.1844448826881125e-09	6.708584250850761e-09
X	21530600	21648900	727	1.4710491397426357e-09	2.1391039108667422e-10	3.6636295458666574e-09
X	21767200	21885500	118	3.6612584434018236e-09	1.6211359502386135e-09	8.549920562963893e-09
X	21885500	22003800	179	4.219471935855717e-09	1.8837823385675796e-09	1.0206785158843891e-08
X	22240400	22358700	62	4.101250905020175e-09	1.7655613077320375e-09	1.0088564128008349e-08
X	22358700	22477000	429	1.2091613421505205e-09	0	3.4017417482745422e-09
X	22477000	22595300	1072	1.1617595326643145e-09	0	3.3543399387883363e-09
X	22595300	22713600	904	1.2925062756744593e-10	0	2.243340930385727e-09
X	22713600	22831900	756	1.5170106335358016e-09	1.6751585094818925e-10	3.795917896433946e-09
X	22831900	22950200	586	3.828456244167865e-09	1.7883337510046548e-09	8.717118363729933e-09
X	22950200	23068500	185	1.7522512253822416e-09	4.027564427946293e-10	4.031158488280386e-09
X	23068500	23186800	80	2.0465208001859977e-09	4.995828002671019e-10	4.868664341267342e-09
X	23186800	23305100	69	2.1074706444083523e-09	5.605326444894565e-10	4.9296141854896965e-09
X	23423400	23541700	66	3.6984950081918716e-09	1.6583725150286615e-09	8.58715712775394e-09
