Latitude Longitude In(2L)t In(2R)Ns In(3L)P In(3R)Payne DEST
46.8136889 13.50794792 0.318272095332671 0.0188679245283019 0.03125 0.0660058027079304 22
46.8136889 13.50794792 0.28952380952381 0.0680303591262495 0.0246913580246914 0.175274261603376 22
48.375 15.56 0.207547169811321 0.0416666666666667 0.0210549645390071 0.0740740740740741 22
48.375 15.56 0.16672384219554 0.0571428571428571 0.0310096153846154 0.0447761194029851 22
48.375 15.56 0.197674418604651 0.0886075949367089 0.010752688172043 0.0150375939849624 22
48.375 15.56 0.278584768624196 0.0935935935935936 0.00943396226415094 0.0272481793633909 22
48.2 16.37 0.1 0.0377492877492877 0.0769230769230769 0.0526315789473684 22
48.2 16.37 0.240372272143774 0.0888888888888889 0.0188679245283019 0.0348484848484849 22
-17.48 146 0.287878787878788 0.055050505050505 0.154761904761905 0.7 22
-17.51 145.98 0.233692354368932 0.102490996398559 0.104477611940299 0.592592592592593 22
-17.48 146 0.2 0.133928571428571 0.0625 1 22
-17.521 146.026 0.0526315789473684 0.0344827586206897 0 0.0192307692307692 22
-17.51 145.98 0.111111111111111 0 0.153846153846154 0.833333333333333 22
-17.48 146 0 0 0.142857142857143 1 22
-17.51 145.98 0.154761904761905 0 0 0.75 22
-17.48 146 0.333333333333333 0 0.142857142857143 0.707142857142857 22
-17.51 145.98 0.2 0 0.0333333333333333 0.666666666666667 22
-17.48 146 0.333333333333333 0 0.166666666666667 0.777777777777778 22
-17.51 145.98 0.267857142857143 0 0 0.6 22
-17.48 146 0.291666666666667 0 0.105555555555556 0.5625 22
-17.51 145.98 0.214285714285714 0.111111111111111 0.125 0.461538461538462 22
-17.48 146 0.267857142857143 0.0714285714285714 0.111111111111111 0.63961038961039 22
-17.51 145.98 0 0 0 0.714285714285714 22
-17.51 145.98 0.25 0.2 0.0769230769230769 0.4 22
-17.48 146 0.307692307692308 0 0 0.8 22
-17.51 145.98 0.333333333333333 0 0.0871212121212121 0.833333333333333 22
-17.48 146 0.25 0.0769230769230769 0.125 0.666666666666667 22
-17.51 145.98 0.363970588235294 0.117647058823529 0 0.6 22
-17.48 146 0.3 0 0.0909090909090909 0.633333333333333 22
-17.51 145.98 0.211111111111111 0.125 0.148351648351648 0.527777777777778 22
-17.48 146 0.166666666666667 0 0.333333333333333 0.741666666666667 22
-25.17 149.93 0.197575757575758 0.0943396226415094 0.0588235294117647 0.284313725490196 22
-25.17 149.93 0.125 0.125 0 0.3875 22
-25.17 149.93 0.166666666666667 0 0 0.381818181818182 22
-25.17 149.93 0.222222222222222 0.2 0 0.285714285714286 22
-25.17 149.93 0.25 0.111111111111111 0 0.314285714285714 22
-25.17 149.93 0.222222222222222 0 0 0.142857142857143 22
-25.17 149.93 0.285714285714286 0.0333333333333333 0.0833333333333333 0.154761904761905 22
-25.17 149.93 0.0833333333333333 0.0833333333333333 0 0.5 22
-25.17 149.93 0.142857142857143 0 0 0.211111111111111 22
-25.17 149.93 0.142857142857143 0.0741758241758242 0 0.208333333333333 22
-25.17 149.93 0.366666666666667 0 0 0.2 22
-16.927537 145.750821 0.384615384615385 0.0666666666666667 0.218253968253968 0.374125874125874 22
-16.927537 145.750821 0.333333333333333 0 0.166666666666667 0.458333333333333 22
-23.13 150.73 0.169230769230769 0.0504201680672269 0 0.413333333333333 22
-23.13 150.73 0.190909090909091 0 0 0.387700534759358 22
-23.13 150.73 0.207142857142857 0 0 0.307692307692308 22
-23.13 150.73 0.181818181818182 0 0 0.4 22
-23.13 150.73 0.111111111111111 0 0 0.428571428571429 22
-23.13 150.73 0.16025641025641 0 0 0.4 22
-23.13 150.73 0.166666666666667 0 0 0.4 22
-23.13 150.73 0.0357142857142857 0.2 0 0.538461538461538 22
-23.13 150.73 0.166666666666667 0 0 0.535714285714286 22
-23.13 150.73 0.1 0 0 0.267857142857143 22
-23.13 150.73 0.166666666666667 0 0 0.25 22
-37.82 140.77 0.0454234972677596 0.0625 0 0 22
-37.82 140.77 0.100961538461538 0.125 0 0 22
-37.82 140.77 0 0 0 0 22
-37.82 140.77 0 0 0 0 22
-37.82 140.77 0 0 0 0 22
-37.82 140.77 0 0 0 0 22
-37.82 140.77 0 0 0 0 22
-37.82 140.77 0 0 0 0 22
-37.82 140.77 0 0 0 0 22
-37.82 140.77 0 0 0 0 22
-37.82 140.77 0 0 0 0 22
-43 146.9 0 0 0 0.0714285714285714 22
-43 146.9 0 0 0 0.121428571428571 22
-43 146.9 0 0 0 0.0884615384615385 22
-43 146.9 0 0 0 0 22
-43 146.9 0 0 0 0 22
-43 146.9 0 0 0 0 22
-43 146.9 0 0 0 0 22
-43 146.9 0 0 0 0.154761904761905 22
-43 146.9 0 0 0 0.0954545454545455 22
-43 146.9 0 0 0 0 22
-43 146.9 0 0 0 0 22
-41.23 146.98 0.0089714330683875 0.0126582278481013 0 0.0204081632653061 22
-41.23 146.98 0 0 0 0 22
-41.23 146.98 0 0 0 0 22
-41.23 146.98 0 0 0 0 22
-41.23 146.98 0 0 0 0 22
-41.23 146.98 0 0 0 0 22
-41.23 146.98 0 0 0 0.142857142857143 22
-41.23 146.98 0 0 0 0 22
-41.23 146.98 0 0 0 0 22
-41.23 146.98 0 0 0 0 22
-41.23 146.98 0 0 0 0 22
-42.77 147.56 0 0.166666666666667 0.153846153846154 0.0909090909090909 22
-42.061824 146.738165 0 0 0 0 22
-42.061824 146.738165 0.0384615384615385 0 0 0 22
-37.43 142.02 0.0464432162595828 0.0824182044605457 0 0 22
-37.43 142.02 0.111111111111111 0 0 0 22
-37.43 142.02 0 0 0 0 22
-37.43 142.02 0.0833333333333333 0 0 0 22
-37.43 142.02 0 0.0714285714285714 0 0 22
-37.43 142.02 0 0.111111111111111 0 0 22
-37.43 142.02 0 0.272727272727273 0 0 22
-37.43 142.02 0 0.111111111111111 0 0 22
-37.43 142.02 0.0384615384615385 0.111111111111111 0 0 22
-37.43 142.02 0 0 0 0 22
-37.43 142.02 0.0384615384615385 0.0588235294117647 0 0 22
-37.456222 144.940778 0.38961038961039 0.00757575757575758 0 0.0666666666666667 22
-36.835805 145.095787 0.0597014925373134 0.0227272727272727 0 0.0627450980392157 22
-37.6933 145.3499 0.4 0.1 0.111111111111111 0.300904977375566 22
-29.678333 -53.69 0.121212121212121 0 0.316981875492514 0.189189189189189 22
-23.994722 -46.2525 0.757142857142857 0 0 0.479489164086687 22
52.142193 23.662434 0.145454545454545 0.0377492877492877 0.0338983050847458 0.0280431134632761 22
45.25 -66.07 0.0466666666666667 0 0 0 22
45.25 -66.07 0 0 0 0 22
45.25 -66.07 0 0 0 0 22
45.25 -66.07 0.111111111111111 0 0 0 22
45.25 -66.07 0 0 0 0 22
45.25 -66.07 0 0 0 0 22
45.25 -66.07 0 0 0 0 22
45.25 -66.07 0 0 0 0 22
45.25 -66.07 0 0 0 0 22
45.25 -66.07 0 0 0 0 22
45.25 -66.07 0 0 0 0 22
45.08 -64.37 0.053257351906571 0.0223526473526474 0 0 22
45.08 -64.37 0 0 0 0 22
45.08 -64.37 0 0 0 0 22
45.08 -64.37 0 0 0 0 22
45.08 -64.37 0.0909090909090909 0 0 0 22
45.08 -64.37 0 0 0 0 22
45.08 -64.37 0 0 0 0 22
45.08 -64.37 0.0454545454545455 0 0 0 22
45.08 -64.37 0.0833333333333333 0 0 0 22
45.08 -64.37 0.0454545454545455 0 0 0 22
45.08 -64.37 0.0416666666666667 0 0 0 22
46.53 -80.96 0.139013452914798 0.00862068965517241 0 0.0228543997328435 22
46.53 -80.96 0.142063492063492 0.0301697998787144 0 0.0364292022372682 22
46.71061 6.98713 0.323383084577114 0.117156862745098 0.052027027027027 0.0956235770301037 22
46.5670416 6.701867 0.450980392156863 0.0909090909090909 0.0538127413127413 0.145634499823259 22
46.5670416 6.701867 0.375929682217715 0.063508064516129 0.0714285714285714 0.0283094098883573 22
46.5670416 6.701867 0.317382125263899 0.0882352941176471 0.0614341627061784 0.301470588235294 22
46.5670416 6.701867 0.395348837209302 0.115384615384615 0.0172413793103448 0.133834346018548 22
46.93947 7.05332 0.2 0.0952380952380952 0.037037037037037 0.0631578947368421 22
46.93947 7.05332 0.275252525252525 0.0909090909090909 0.0789473684210526 0.107692307692308 22
46.93947 7.05332 0.222560975609756 0.132456140350877 0.0513157894736842 0.046875 22
46.93947 7.05332 0.280088917116545 0.138888888888889 0.012987012987013 0.14446227929374 22
46.93947 7.05332 0.389022298456261 0.107692307692308 0.0363636363636364 0.134328358208955 22
6.25 10.43 0.1 0 0 0.1 22
39.91 116.41 0 0 0.125 0 22
4.995972 -74.364194 0.0870157384987894 0.117647058823529 0.0327868852459016 0.484313725490196 22
4.967111 -74.083889 0.236441798941799 0.178235294117647 0 0.218253968253968 22
11.143611 -74.117778 0.0689723320158103 0.0217391304347826 0 0.793650793650794 22
4.489722 -75.311667 0.223180076628352 0.293374316939891 0.105263157894737 0.777761542957335 22
4.203889 -74.642778 0.287087912087912 0.297872340425532 0.102040816326531 0.736842105263158 22
35.066461 33.322646 0.323511904761905 0 0.144444444444444 0.141092885752432 22
48.218024 7.819513 0.209195216548158 0.0384615384615385 0.0125 0.0623957290623957 22
48.218024 7.819513 0.0958922030350602 0.0434782608695652 0.0133333333333333 0.0394736842105263 22
48.218 7.82 0.283056837145381 0.072289156626506 0 0.0666666666666667 22
48.218 7.82 0.202329652572044 0.0545454545454545 0.0250549220629773 0.0832047685834502 22
48.218024 7.819513 0.0634920634920635 0.0136986301369863 0.0126582278481013 0.0962577160493827 22
48.218024 7.819513 0.107142857142857 0.0287903893951947 0 0 22
48.217898 7.819194 0.0872420262664165 0.0196078431372549 0 0 22
48.217898 7.819194 0.163934426229508 0.0222222222222222 0.0217086834733894 0.0588235294117647 22
48.217898 7.819194 0.118421052631579 0.0307692307692308 0 0 22
48.217898 7.819194 0.4 0 0.162280701754386 0.0833333333333333 22
48.217898 7.819194 0.0833333333333333 0 0.113247863247863 0.105263157894737 22
48.217898 7.819194 0.15592203898051 0.0444444444444444 0 0.0253623188405797 22
48.217898 7.819194 0.101914962674456 0.0304639175257732 0.0357142857142857 0.0715197956577267 22
47.622135 8.217058 0.0926243567753002 0.027027027027027 0.114835164835165 0.0434782608695652 22
47.622135 8.217058 0.387096774193548 0.111111111111111 0.0512820512820513 0.0294117647058824 22
48.18 11.61 0.362146050670641 0.135135135135135 0 0.0284134248665141 22
48.18 11.61 0.493589743589744 0.0974067046173308 0.0277777777777778 0.0163934426229508 22
48.18 11.61 0.337688323917137 0.0414518900343643 0.0161290322580645 0.0789884135472371 22
48.18 11.61 0.1875 0.132600732600733 0 0.032 22
48.18 11.61 0.164179104477612 0.147058823529412 0 0.0138888888888889 22
48.18 11.61 0.276923076923077 0.072289156626506 0 0.0317460317460317 22
48.18 11.61 0.189655172413793 0.0808163265306122 0 0 22
48.18 11.61 0.451612903225806 0.0339861751152074 0.0330781848004374 0.0356242118537201 22
48.18 11.61 0.217171717171717 0.0740740740740741 0.0285714285714286 0.0303030303030303 22
48.18 11.61 0.321531100478469 0.0815241470979176 0.05 0 22
48.18 11.61 0.325401069518717 0.0763403263403263 0.05 0.0232558139534884 22
48.18 11.61 0.384615384615385 0.114285714285714 0 0.110721900700579 22
48.18 11.61 0.451951951951952 0.0277777777777778 0.03125 0.05 22
48.18 11.61 0.375 0.0449494949494949 0.0357142857142857 0.0883500557413601 22
48.18 11.61 0.409090909090909 0.0560125342734038 0 0.0294372294372294 22
48.18 11.61 0.391176470588235 0.0555555555555556 0.0298573975044563 0.0277777777777778 22
49.780082 9.974293 0.321531100478469 0.0998576850094877 0.0183501683501683 0.2125 22
49.778659 9.975929 0.271186440677966 0.076530612244898 0.0266666666666667 0.0517241379310345 22
49.778659 9.975929 0.24390243902439 0.0384615384615385 0 0.09375 22
49.780082 9.974293 0.142857142857143 0.0769230769230769 0.0416666666666667 0.0720663265306122 22
52.69907 13.07596 0.0871212121212121 0 0 0 22
52.38012 12.86791 0.171744019627888 0.0212765957446809 0 0.0117647058823529 22
55.945128 10.212586 0.0678062678062678 0.0697674418604651 0 0 22
55.945128 10.212586 0.0612244897959184 0.04 0 0 22
55.945128 10.212586 0.352272727272727 0.0921212121212121 0 0 22
55.945128 10.212586 0.134415064102564 0.0769230769230769 0 0 22
55.945128 10.212586 0.125 0.0663003663003663 0 0 22
55.945128 10.212586 0.0519568151147098 0.0395010395010395 0 0 22
55.945128 10.212586 0.161290322580645 0 0.0160092213114754 0.0292110874200426 22
55.945128 10.212586 0.0414529914529915 0 0 0 22
55.945128 10.212586 0.113247863247863 0.0554417413572343 0 0 22
55.945128 10.212586 0.0522727272727273 0 0 0 22
55.945128 10.212586 0.0769230769230769 0.111111111111111 0 0 22
55.945128 10.212586 0.0588235294117647 0.072463768115942 0 0 22
-0.288806 -78.494472 0.288461538461538 0 0.128801843317972 0.0532015065913371 22
30.1 31.32 0.470588235294118 0.19047619047619 0 0 22
41.38 2.17 0.448412698412698 0.0540540540540541 0.0465367965367965 0.0666666666666667 22
41.38 2.17 0.413793103448276 0.0594117647058824 0.0402702702702703 0.123711340206186 22
38.9707208053836 -3.4072120460269 0.28544061302682 0.021286231884058 0.0625 0.113997113997114 22
39.15805 -3.021 0.32258064516129 0.0447761194029851 0.09375 0.0826351393284925 22
39.15805 -3.021 0.1890589569161 0.0694444444444444 0.0484434865900383 0.0375234521575985 22
39.152529 -3.0616048 0.154074074074074 0.0126582278481013 0.0355042016806723 0 22
39.152529 -3.0616048 0.223180076628352 0.0181818181818182 0.0630272952853598 0.0233228511530398 22
39.1567614 -3.0497293 0.289915966386555 0 0.0555555555555556 0.0526964560862866 22
39.17 -2.97 0.172252747252747 0.0240998838559814 0.0482558139534884 0.089572192513369 22
39.1567614 -3.0497293 0.285714285714286 0 0.0476190476190476 0 22
39.1689 -2.9849 0.156862745098039 0.0151515151515152 0.0434782608695652 0.0339861751152074 22
37.353733 -3.167179 0.0980392156862745 0.0535885167464115 0.0357142857142857 0.0925925925925926 22
37.363279 -3.168799 0.26865671641791 0.0689655172413793 0.0769230769230769 0.0555555555555556 22
37.661547 -2.79631 0.297058823529412 0 0.133830845771144 0.0373835403726708 22
37.6617732605881 -2.79623534604702 0.238095238095238 0.0227272727272727 0.0454545454545455 0.100540540540541 22
37.3308 -3.173416 0.258859357696567 0.0294117647058824 0.0595322466335932 0.0708661417322835 22
37.3377875 -3.1786148 0.22927897574124 0.0476190476190476 0.0535714285714286 0.0816326530612245 22
41.6175899 0.6200146 0.305555555555556 0 0.102564102564103 0.0767156862745098 22
41.6175899 0.6200146 0.177005012531328 0.0229915433403805 0.0925925925925926 0.238181818181818 22
41.656416 0.388472 0.266666666666667 0 0.08 0.213371266002845 22
41.656416 0.388472 0.227576136837714 0 0.0610722610722611 0.197014925373134 22
41.656416 0.388472 0.304347826086957 0 0.0526315789473684 0.0714285714285714 22
41.656416 0.388472 0.303016591251885 0 0.0974067046173308 0.234754098360656 22
41.65 0.38 0.144910868315124 0.0430555555555556 0.142857142857143 0.345675675675676 22
41.656416 0.388472 0.252450980392157 0 0.121581670362158 0.42 22
41.656416 0.388472 0.288461538461538 0 0.078125 0.280701754385965 22
41.65 0.38 0.272727272727273 0.0250156347717323 0.08 0.265507518796992 22
41.656416 0.388472 0.205769230769231 0 0.0815241470979176 0.193023255813953 22
41.656416 0.388472 0.30984952120383 0 0.178793256433008 0.322765700483092 22
41.651944 0.388889 0.0909090909090909 0 0 0.25 22
41.485 0.522 0.199013157894737 0 0.0555555555555556 0.210526315789474 22
40.06 -3.53 0.207142857142857 0.0274024024024024 0.0557275541795666 0.0942350332594235 22
39.87 -3.32 0.184697855750487 0.0180194805194805 0.0727272727272727 0.0819397993311037 22
41.53 -5.68 0.294117647058824 0 0.130681818181818 0.0871212121212121 22
9.68 39.53 0 0 0 0 22
8.25 34.59 0 0 0 0 22
6.98 39.18 0 0 0 0 22
9.81 38.63 0 0 0 0 22
7.26 36.25 0 0 0 0 22
62 25 0.405103668261563 0.125 0 0 22
62.55 26.24 0.293103448275862 0 0 0.0146180110968843 22
62.55 26.24 0.295833333333333 0.0919661733615222 0 0.0303030303030303 22
61.1 23.52 0.227272727272727 0.0344827586206897 0.0175492610837438 0 22
61.1 23.52 0.244070601213458 0.0222222222222222 0 0.0192592592592593 22
61.1 23.52 0.352941176470588 0.0627185314685315 0 0.0241067998463312 22
61.1 23.52 0.289333069463685 0.0698051948051948 0.00797129065040651 0 22
61.1 23.52 0.268565248738284 0.0571545213308839 0.0578316610925307 0 22
61.1 23.52 0.273291925465838 0.0632911392405063 0.0137012012012012 0.0365853658536585 22
61.1 23.5 0.349547511312217 0.101694915254237 0 0 22
61.1 23.5 0.170289855072464 0.0980392156862745 0.0434782608695652 0 22
61.1 23.5 0.391304347826087 0.0416666666666667 0 0.0206734867860188 22
61.1 23.5 0.245901639344262 0.0677966101694915 0 0.0363636363636364 22
61.1 23.5 0.192307692307692 0.0178571428571429 0 0.02 22
61.1 23.5 0.374903474903475 0.0851106639839034 0.0192307692307692 0 22
61.1 23.5 0.292173913043478 0.137949260042283 0 0.0198246282882196 22
61.1 23.5 0.214756258234519 0 0 0 22
61.1 23.52 0.206896551724138 0.0515030946065429 0 0 22
61.1 23.52 0.142140468227425 0.0555555555555556 0 0 22
45.921 4.882 0.1 0.049390243902439 0 0 22
45.9 4.91 0.15 0 0.037037037037037 0.0490430622009569 22
47.42884 5.0776 0.218253968253968 0.0645161290322581 0 0 22
47.26735 5.45608 0.392796369824163 0.0612244897959184 0.0508474576271186 0.0882352941176471 22
47.26735 5.45608 0.309027777777778 0.0444664031620553 0.0443535188216039 0.0447761194029851 22
47.26624 5.45114 0.255555555555556 0 0 0.155844155844156 22
44.976813 4.930005 0.0388349514563107 0 0.0238128986534373 0.0105823068309071 22
44.977 4.93 0.0592105263157895 0 0 0.0255681818181818 22
44.977 4.93 0.0078125 0 0.0384615384615385 0.0834782608695652 22
44.977 4.93 0.0805555555555555 0 0.0244047619047619 0.0888888888888889 22
44.976813 4.930005 0.111111111111111 0 0 0.0392576120424222 22
48.7543324 2.1584108 0.137254901960784 0.0375 0.0411267605633803 0.0357142857142857 22
48.7543324 2.1584108 0.0656443368307775 0.0121216573611519 0.0382553606237817 0.0805152979066023 22
48.754 2.158 0.302388123924269 0.0598171701112878 0.031496062992126 0.08 22
48.754 2.158 0.181666666666667 0.0396078431372549 0.0916030534351145 0.0333950903195924 22
48.7543324 2.1584108 0.243589743589744 0.0256410256410256 0.0839201877934272 0.174978595890411 22
48.75 2.158 0.213272444617178 0.0140845070422535 0.0333333333333333 0.131578947368421 22
48.75 2.158 0.206398262612763 0.0625 0.0638983050847458 0.175 22
48.13 1.34 0.09 0 0 0.0689655172413793 22
16.32 -61.78 0 0.00943396226415094 0 0.482419712070875 22
16.25 -61.28 0.0329184704184704 0 0.0671641791044776 0.416666666666667 22
45 4 0.119642857142857 0 0.0180899608865711 0.0425531914893617 22
45 4 0 0 0 NA 22
43.709061 3.848005 0.195744680851064 0.0469208211143695 0.0246246246246246 0.196428571428571 22
43.709061 3.848005 0.17156862745098 0 0 0.0527272727272727 22
48.13 -1.58 0.0583333333333333 0 0 0 22
48.13 -1.58 0.05 0 0 0 22
45.77 4.86 0.0310096153846154 0 0 0.024390243902439 22
-1.65 13.6 0.555555555555556 0 0 0.333333333333333 22
51.099768 0.164408 0.050125313283208 0 0 0.0477777777777778 22
51.099767 0.164407 0.148667601683029 0.0298507462686567 0 0.0238095238095238 22
55.9323 -3.1951 0.0545454545454545 0 0 0 22
55.9324 -3.1952 0.129032258064516 0 0 0 22
55.972871 -3.351475 0.105263157894737 0 0 0 22
56.344534 -2.952766 0.0363636363636364 0.00826446280991736 0 0 22
56.3447 -2.9525 0.0278637770897833 0.0133333333333333 0 0 22
56.34716 -2.95054 0.0943396226415094 0 0 0 22
51.351161 0.184561 0.111111111111111 0.0645833333333333 0 0 22
52.433592 -1.102667 0.0909090909090909 0.0151515151515152 0.0232558139534884 0.0223214285714286 22
52.475769 -0.921517 0.0123456790123457 0.0139921722113503 0.0238128986534373 0.0384615384615385 22
52.4608 -0.959 0.0368686868686869 0.00813008130081301 0.0115079365079365 0 22
52.46 -0.959 0.129946344735077 0.0209475762228559 0 0.01 22
52.46086111 0.95902778 0.0694444444444444 0.0408163265306122 0.0149787614576347 0.0363636363636364 22
52.46086111 0.95902778 0.0693664795509222 0.0238095238095238 0 0 22
52.46086111 0.95902778 0.100501672240803 0.0277777777777778 0 0.0166666666666667 22
56.32034 -3.78092 0.2 0.0666666666666667 0 0 22
56.3204 -3.781 0.0801282051282051 0.03125 0 0 22
53.39052 -1.520599 0.145277927684835 0 0 0.0395955642530985 22
53.391 -1.521 0.268292682926829 0.0114942528735632 0 0.0421052631578947 22
10.7 -12.25 0.2 0 0 0.4 22
35.32188344 25.11104465 0.111111111111111 0 0.137931034482759 0 22
35.223236 25.108428 0 0 0 NA 22
35.223236 25.108428 0.112903225806452 0.0161332292479833 0.0227272727272727 0.111111111111111 22
35.3065438893384 25.0800775364041 0.269230769230769 0.0727513227513227 0 0.0912820512820513 22
35.32188344 25.11104465 0.25 0.0689655172413793 0.0363756613756614 0.0545454545454545 22
42.279 18.334 0.265833333333333 0.0396078431372549 0.0476190476190476 0.0740740740740741 22
42.282 18.322 0.211111111111111 0.0240963855421687 0.0649350649350649 0.0851063829787234 22
47.617361 18.892002 0.327134146341463 0.0741758241758242 0.137412587412587 0.109784946236559 22
47.617361 18.892002 0.133141338059371 0.0455486542443064 0 0.173913043478261 22
47.617361 18.892002 0.203448275862069 0.0483870967741935 0.0687820260149783 0.116666666666667 22
46.25 20.13 0.151428571428571 0.0360623781676413 0.0363636363636364 0 22
46.212856 11.08755 0.102631578947368 0.0620192307692308 0.0618622448979592 0.0666666666666667 22
46.217939 11.123423 0.146341463414634 0 0.0940448113207547 0.085995085995086 22
46.191059 11.135751 0.0744827586206896 0 0 0.0714285714285714 22
46.187389 11.13636 0.195600191296031 0.027972027972028 0.05 0.0852300242130751 22
46.18739 11.13637 0.161989795918367 0 0 0.0233695652173913 22
46.2 11.13333 0.141196013289037 0 0 0 22
0.04 36.36 0.4 0 0 0 22
34.9562894400356 -2.26568341255188 0.0923295454545455 0 0.0615530303030303 0.0801282051282051 22
34.9562894400356 -2.26568341255188 0.2 0 0.117647058823529 0.0344827586206897 22
35.0299090769197 -2.4021291626587 0.127016129032258 0 0.12 0.213675213675214 22
35.0299090769197 -2.4021291626587 0.0785714285714286 0 0.049390243902439 0.0212765957446809 22
35.0299088 -2.400933 0.163333333333333 0 0.125 0.0588235294117647 22
35.032167 -2.394361 0.205882352941176 0 0 0.0833333333333333 22
35.032167 -2.394361 0.216538789428815 0.021978021978022 0 0.0175518925518926 22
35.146733889239 -6.14977144602926 0 0 0 NA 22
11.85 13.16 0.666666666666667 0.333333333333333 0.5 0.166666666666667 22
53.1512 6.3034 0.369383490073145 0 0 0 22
53.1512 6.3034 0.329282407407407 0 0 0 22
53.15917 6.30667 0.556547619047619 0.133830845771144 0 0 22
52.02 5.1 0.142857142857143 0 0 0 22
8.9844 -79.5178 0.227390180878553 0.0694014447884417 0.109011388017825 0.463759213759214 22
51.2315 22.524833 0.2 0 0 0 22
54.35 18.64 0.259777064046854 0.0122704004817826 0 0.067351253397765 22
54.27342 19.620169 0.236363636363636 0.0717142857142857 0 0 22
54.27342 19.620169 0.329017707985299 0.0241103848946986 0 0.0136986301369863 22
54.2735 19.620167 0.25006105006105 0 0 0 22
41.15 -8.41 0.163636363636364 0.0454545454545455 0.0416666666666667 0.153903070662227 22
41.15 -8.41 0.126329787234043 0.0166666666666667 0.0815140009492169 0.130434782608696 22
41.15 -8.41 0.32438920302998 0.0221001221001221 0.141176470588235 0.121580361504641 22
41.15 -8.41 0.357142857142857 0 0 0.111111111111111 22
44.15 20.18 0.102564102564103 0.0192307692307692 0 0.0684931506849315 22
44.104161 19.981698 0.13953488372093 0.0200320512820513 0.0277777777777778 0 22
44.4455 19.2512 0.106666666666667 0.0204081632653061 0 0 22
44.59 20.9 0.156626506024096 0.0392156862745098 0.0112359550561798 0 22
45.15 20.18 0.0631977671451356 0.0441176470588235 0.0196078431372549 0 22
45.15 20.18 0.0909090909090909 0.0192307692307692 0.0285714285714286 0 22
45.13 20.25 0.144599303135888 0.032258064516129 0 0.0869565217391304 22
45.13 20.25 0.119666048237477 0.03125 0 0.0191511387163561 22
45.09 20.18 0.0787450396825397 0 0 0 22
44.9863 20.1664 0.0892857142857143 0.0572873940388296 0.0227272727272727 0.0333333333333333 22
44.9863 20.1667 0.190789473684211 0.0216279069767442 0.0428571428571429 0.0196078431372549 22
44.9863 20.1667 0.225 0.0579831932773109 0.0328663793103448 0.0348790322580645 22
44.9863 20.1667 0.142857142857143 0.0294117647058824 0 0.0333333333333333 22
43.4 22.42 0.0733539549270879 0.0125 0 0 22
43.4 22.42 0.119565217391304 0.0198019801980198 0.0365853658536585 0 22
44.5015 34.16611944 0.154388714733542 0.025974025974026 0 0.0882305326210134 22
44.5015 34.16611944 0.169047619047619 0.0246913580246914 0.0256410256410256 0.0616698292220114 22
44.5015 34.16611944 0.132784958871915 0.0400641025641026 0 0.0869565217391304 22
44.5015 34.16611944 0.0871212121212121 0.032258064516129 0.0461538461538462 0.0563380281690141 22
44.5015 34.1661 0.0862068965517241 0 0.0153846153846154 0 22
57.9788789 33.243615 0.16869918699187 0.0128205128205128 0.0113636363636364 0.06 22
58.024 33.23528 0.203125 0.0279123861213413 0 0 22
58.024 33.23528 0.162162162162162 0.0446941323345818 0 0 22
58.02444 33.235277 0.131578947368421 0 0.0594356261022928 0.0119047619047619 22
58.02444 33.235277 0.0617378048780488 0.0806451612903226 0 0 22
58.02444 33.235277 0.0541822867853796 0 0 0 22
58.02444 33.235277 0.378060969515242 0.027046783625731 0.0840395480225989 0.0196078431372549 22
58.02444 33.235277 0.254901960784314 0 0.0404081632653061 0.05 22
58.02444 33.235277 0.135670731707317 0 0.027046783625731 0.037037037037037 22
53.99778 38.13167 0.22752688172043 0 0.0199009900990099 0.0229230100043497 22
56.41472 38.71611 0.121951219512195 0 0.00581395348837209 0 22
56.41472 38.71611 0.203703703703704 0.123076923076923 0.0143892339544513 0.0151515151515152 22
56.41472 38.71611 0.189655172413793 0.129032258064516 0.0714285714285714 0.0285714285714286 22
56.41472 38.71611 0.451612903225806 0 0 0 22
56.41472 38.71611 0.228571428571429 0.105263157894737 0.0111234705228031 0.0763349514563107 22
-2.49 28.92 0.111111111111111 0.037037037037037 0 0.148148148148148 22
55.694 13.198 0.138461538461538 0.0175492610837438 0 0.0178571428571429 22
55.694 13.198 0.0833333333333333 0 0 0 22
55.694 13.198 0.152173913043478 0 0.0268468468468469 0.0247494685696933 22
NA NA 0 0 0 0 22
40.231444 32.260328 0.137931034482759 0.0465367965367965 0.03125 0.0789473684210526 22
40.231444 32.260328 0.162360034453058 0 0.0217391304347826 0.107142857142857 22
40.231444 32.260328 0.105882352941176 0 0 0.0339366515837104 22
40.231444 32.260328 0.238288288288288 0 0.0303030303030303 0.0678353658536585 22
40.231444 32.260328 0.177777777777778 0 0.0348837209302326 0.137404580152672 22
40.231444 32.260328 0.318181818181818 0 0.0849056603773585 0.0341085271317829 22
40.231444 32.260328 0.0909090909090909 0 0 0 22
40.231444 32.260328 0.151932873838777 0 0.0379746835443038 0.0703691496374423 22
40.231444 32.260328 0.165151515151515 0.0158730158730159 0.0566037735849057 0.0983606557377049 22
40.231444 32.260328 0.0845070422535211 0.0163934426229508 0.0166666666666667 0.0909090909090909 22
40.231444 32.260328 0.129032258064516 0.0175438596491228 0.0405405405405405 0.113918360007193 22
40.231444 32.260328 0.260714285714286 0 0.116666666666667 0.116666666666667 22
40.231444 32.260328 0.246575342465753 0 0.0634920634920635 0.149253731343284 22
40.231444 32.260328 0.156395348837209 0.0196078431372549 0.0224747474747475 0.0789473684210526 22
40.231444 32.260328 0.150471698113208 0 0.0222332015810277 0.0290513833992095 22
40.231445 32.260329 0.210526315789474 0.0181818181818182 0 0.0748622167789345 22
40.231446 32.26033 0.119402985074627 0 0.0425531914893617 0.302325581395349 22
40.231447 32.260331 0.142857142857143 0 0.021286231884058 0.136410432395333 22
40.231448 32.260332 0.158385093167702 0.0285947712418301 0.0425724637681159 0.115278543849972 22
40.231449 32.260333 0.0666666666666667 0 0 0.00595238095238095 22
40.231444 32.260328 0.217309662000683 0.0193241224794623 0.0490196078431373 0.0871212121212121 22
40.231444 32.260328 0.206521739130435 0 0.03125 0.135593220338983 22
40.231444 32.260328 0.204545454545455 0.027027027027027 0.03125 0.131147540983607 22
40.231444 32.260328 0.111746361746362 0.0208333333333333 0 0.179487179487179 22
40.231444 32.260328 0.125 0 0.0495901639344262 0.170212765957447 22
40.231444 32.260328 0.139225181598063 0.0350877192982456 0.0307765151515152 0.0851063829787234 22
40.231444 32.260328 0.0925925925925926 0 0 0.0732142857142857 22
40.231444 32.260328 0.137931034482759 0.0465116279069767 0.0487804878048781 0.0981570512820513 22
40.231444 32.260328 0.211538461538462 0.0589855072463768 0.0613266583229036 0.0533333333333333 22
40.231444 32.260328 0.192982456140351 0 0.0461538461538462 0.0714285714285714 22
40.231444 32.260328 0.36231884057971 0 0.216216216216216 0.12987012987013 22
40.231444 32.260328 0.177958446251129 0.0212765957446809 0.133333333333333 0.162790697674419 22
40.231444 32.260328 0.256377551020408 0 0.0339080459770115 0.10958904109589 22
40.231444 32.260328 0.211538461538462 0.0141908212560386 0.0625 0.127321603128055 22
40.231444 32.260328 0.125 0.029040404040404 0.075 0.0912874583795782 22
40.231444 32.260328 0.115384615384615 0 0.166666666666667 0.125 22
40.231444 32.260328 0.164965986394558 0.0344827586206897 0.153882575757576 0.0459830866807611 22
40.231445 32.260329 0.262352941176471 0 0.0384615384615385 0.0285947712418301 22
40.231446 32.26033 0.229166666666667 0.0212765957446809 0.0483870967741935 0.0380722891566265 22
40.231447 32.260331 0.211538461538462 0.0681818181818182 0.0333333333333333 0.0736728060671723 22
40.231448 32.260332 0.214285714285714 0 0.025 0 22
40.231449 32.260333 0.234375 0.03125 0.110685854255971 0.0331143951833607 22
48.788833 30.279833 0.203035274815422 0.177777777777778 0.0606060606060606 0.12 22
49.72 31.53 0.169318181818182 0.0447761194029851 0.0647255969836615 0.0566255778120185 22
50.53752 32.51880556 0.258199643493761 0.0869565217391304 0.0663003663003663 0.0579613590939374 22
48.75327778 30.20580556 0.121821164889253 0.118845843422115 0.0535714285714286 0.0722186076772934 22
48.75327778 30.20580556 0.182926829268293 0.0394736842105263 0.095811818703385 0.0813953488372093 22
48.76 30.17 0.149545772187282 0.228070175438596 0.0909090909090909 0.0824829931972789 22
48.75 30.2 0.148351648351648 0.135135135135135 0.0576923076923077 0.0975609756097561 22
48.76224 30.244566 0.166666666666667 0.128205128205128 0 0.025 22
48.76224 30.244566 0.02 0.150997150997151 0.0727513227513227 0.125 22
48.76224 30.244566 0.1723044397463 0.12 0 0.100470430107527 22
48.769055 30.173227 0.184745762711864 0.0888888888888889 0.0606060606060606 0.0227272727272727 22
48.76224 30.244566 0.211556383970177 0.152680652680653 0.0952380952380952 0.0666666666666667 22
48.769055 30.173227 0.0943396226415094 0.105263157894737 0 0.107638888888889 22
48.76224 30.244566 0.146690518783542 0.0384615384615385 0.032258064516129 0.0476190476190476 22
48.76224 30.244566 0.112877583465819 0.0952380952380952 0 0.0333333333333333 22
48.769055 30.173227 0.164451114922813 0.125 0.037037037037037 0.0555555555555556 22
50.48469444 32.71425 0.246794871794872 0.0967741935483871 0.0555555555555556 0.0384615384615385 22
50.48469444 32.71425 0.13773022751896 0.024390243902439 0.140133073677377 0.107142857142857 22
50.48469444 32.71425 0.183049300060864 0.0367250673854447 0.0689655172413793 0.0333333333333333 22
50.48469444 32.71425 0.202380952380952 0.111111111111111 0.127717391304348 0.244444444444444 22
50.492583 32.714147 0.171625544267054 0.0784313725490196 0.0892857142857143 0.117647058823529 22
50.492583 32.714147 0.265277777777778 0.141851106639839 0.0775775775775776 0.0658276125095347 22
50.492583 32.714147 0.222222222222222 0.0833333333333333 0.0449494949494949 0.0970760233918129 22
47.124453 37.690053 0.170952659263589 0.205010775862069 0.0381263616557734 0.0199604743083004 22
47.10500532 37.66617511 0.0740740740740741 0.16 0.0625 0.0232558139534884 22
48.690794 37.005189 0.263768115942029 0.1 0.0588235294117647 0.0842945874001775 22
49.81852778 36.05475 0.174489352455454 0.0851063829787234 0.0980392156862745 0.0227272727272727 22
49.81852778 36.05475 0.18 0.078125 0.047317436661699 0.0204081632653061 22
49.81852778 36.05475 0.219178082191781 0.0934511434511435 0.0686274509803922 0.0352941176470588 22
49.81852778 36.05475 0.150375939849624 0.0215677179962894 0.0769230769230769 0.0909090909090909 22
49.990083 36.230678 0.211636828644501 0.13579163008487 0.0266856431239993 0.046875 22
49.990083 36.230678 0.204081632653061 0.125992063492063 0.0526315789473684 0.111524822695035 22
51.27263889 30.22136111 0.11864406779661 0.0304147465437788 0.10485347985348 0.0554435483870968 22
51.279245 30.213118 0.108433734939759 0.0314613227775029 0.0169491525423729 0.054821551132464 22
51.279245 30.213118 0.131578947368421 0.0793650793650794 0.0303030303030303 0.05 22
51.279245 30.213118 0.170494417862839 0.0303030303030303 0.0629960317460317 0.00609756097560976 22
51.27263889 30.22136111 0.189814814814815 0.075 0.0555555555555556 0 22
51.27 30.21 0.236596736596737 0.153735975173072 0.0540540540540541 0 22
51.37 30.13 0.233333333333333 0.143717728055077 0.0128205128205128 0.03125 22
51.375003 30.139258 0.232051282051282 0.0615530303030303 0.0210618692408951 0.0701754385964912 22
51.37330556 30.13830556 0.246212121212121 0.0634920634920635 0.0394736842105263 0.0175438596491228 22
51.279245 30.213118 0.208705357142857 0.0588235294117647 0.037037037037037 0.0127316680096696 22
51.38691667 30.07330556 0.378787878787879 0.102752639517345 0.0389873417721519 0.0195075757575758 22
51.27888889 29.39438889 0.269345238095238 0.0307692307692308 0.0204081632653061 0.0402711323763955 22
51.37330556 30.13830556 0.0842905405405405 0.0967741935483871 0.081989247311828 0.0139866979655712 22
51.38691667 30.07330556 0.232323232323232 0.0952380952380952 0.0333333333333333 0.0158730158730159 22
51.3352 30.136179 0.1875 0.112040133779264 0.0421099290780142 0.00970873786407767 22
51.27888889 29.39438889 0.0983455882352941 0.0625 0.072289156626506 0 22
51.38691667 30.07330556 0.208864344378363 0.0678746928746929 0.0156865157480315 0 22
50.284972 30.331972 0.208955223880597 0.115710382513661 0.0738987986894794 0.0227272727272727 22
50.58886 30.57138 0.250354609929078 0.114143920595533 0.1225 0.0508620689655172 22
51.351861 30.126111 0.227777777777778 0.143796992481203 0.0606060606060606 0 22
50.34402778 30.48911111 0.172413793103448 0.101020408163265 0.0315270935960591 0.0645188145188145 22
50.34402778 30.48911111 0.220940550133097 0.0714285714285714 0.0370497427101201 0.0895522388059701 22
50.34402778 30.48911111 0.151307189542484 0.177124183006536 0.0512820512820513 0.0263157894736842 22
50.383374 30.368038 0.208955223880597 0.165422885572139 0.0704225352112676 0.0144927536231884 22
50.38 30.36 0.1625 0.111111111111111 0.0658008658008658 0.03125 22
50.3834 30.3682 0.243918561607615 0.101449275362319 0.0576923076923077 0.0301177536231884 22
50.38 30.36 0.299300699300699 0.126136363636364 0.0645235892691952 0.0535714285714286 22
50.37875 30.475091 0.191977611940298 0.146341463414634 0.0153882575757576 0.0120481927710843 22
51.4 30.05416645 0.372727272727273 0.136424061149884 0.0907407407407407 0.0384615384615385 22
50.383359 30.367921 0.165300546448087 0.0769230769230769 0.0461538461538462 0.136533084808947 22
50.383359 30.367921 0.335988053758089 0.195744680851064 0.0548048048048048 0.0667986145472538 22
50.383359 30.367921 0.140478424015009 0.13475499092559 0.108116883116883 0.0833333333333333 22
50.383359 30.367921 0.230769230769231 0.17910447761194 0.142857142857143 0.0904761904761905 22
50.383359 30.367921 0.129166666666667 0.171240601503759 0.0425531914893617 0.0461124896608768 22
50.383359 30.367921 0.144155844155844 0.163450834879406 0.1 0.0476190476190476 22
50.383359 30.367921 0.211794019933555 0.173140954495006 0.114942528735632 0.109756097560976 22
50.383359 30.367921 0.249482401656315 0.0980392156862745 0.0754716981132075 0.106451612903226 22
50.383359 30.367921 0.163333333333333 0.112237762237762 0.0208333333333333 0.0967741935483871 22
50.383359 30.367921 0.282416044776119 0.115641711229947 0.03125 0.0694444444444444 22
50.383359 30.367921 0.25 0.142857142857143 0.1 0.0364583333333333 22
50.383359 30.367921 0.215842550422902 0.0689655172413793 0.0930232558139535 0.0470695970695971 22
50.383359 30.367921 0.2 0.127659574468085 0.0667408231368187 0.0666666666666667 22
50.383359 30.367921 0.274509803921569 0.0789473684210526 0.0186206896551724 0.111111111111111 22
49.32991667 23.50280556 0.156633221850613 0.0887605042016807 0 0.0615384615384615 22
49.32991667 23.50280556 0.140625 0.0467289719626168 0 0.190080275229358 22
49.32991667 23.50280556 0.190730106644791 0.113207547169811 0 0.106060606060606 22
46.616779 31.355456 0.284418673803152 0.0606060606060606 0.04 0 22
46.49 30.71 0.149253731343284 0.0317460317460317 0.0131578947368421 0.0434782608695652 22
46.49 30.71 0.247058823529412 0.0683333333333333 0.032258064516129 0.0619130988381347 22
46.44155556 30.77169444 0.0913879981676592 0.0960553278688525 0 0.0454545454545455 22
46.44155556 30.77169444 0.175814751286449 0.102564102564103 0.0204081632653061 0.0307765151515152 22
46.44155556 30.77169444 0.193188241944601 0.0930232558139535 0.0784313725490196 0.0606060606060606 22
46.44155556 30.77169444 0.326505602240896 0.136424061149884 0.0714285714285714 0.0357142857142857 22
46.44155556 30.77169444 0.129100529100529 0.04 0.0324789325842697 0.0401450053705693 22
46.44155556 30.77169444 0.200055570991942 0.0549547283702213 0 0.0350877192982456 22
46.44155556 30.77169444 0.128451178451178 0.0754716981132075 0.0769230769230769 0.0662280701754386 22
46.44155556 30.77169444 0.347826086956522 0.0909090909090909 0.0204081632653061 0.0789473684210526 22
46.44 30.77 0.170731707317073 0.0846759756534192 0.0416666666666667 0 22
46.44155556 30.77169444 0.171376242804814 0.0488095238095238 0.0192307692307692 0.0339080459770115 22
46.441227 30.771592 0.141447368421053 0.0678353658536585 0 0 22
46.441227 30.771592 0.274509803921569 0.105263157894737 0.0198039215686275 0.0333333333333333 22
46.441227 30.771592 0.195121951219512 0.148936170212766 0 0.029040404040404 22
46.441227 30.771592 0.223180076628352 0.185908615277293 0.0147058823529412 0 22
46.441227 30.771592 0.340425531914894 0.210526315789474 0.0303030303030303 0.0140845070422535 22
46.441227 30.771592 0.153846153846154 0.0930735930735931 0 0 22
46.441227 30.771592 0.275646743978591 0.15 0.037037037037037 0.0149253731343284 22
46.441227 30.771592 0.114754098360656 0.0729442970822281 0.032258064516129 0 22
46.391972 30.68125 0.147186147186147 0.0983870967741935 0.0274024024024024 0.0235587583148559 22
46.441227 30.771592 0.174794359576968 0.203448275862069 0.032258064516129 0.0438095238095238 22
46.441227 30.771592 0.32843137254902 0.166666666666667 0.037037037037037 0 22
46.391972 30.68125 0.0232558139534884 0.0866708385481852 0 0 22
50.25375 32.51880556 0.171052631578947 0.0810810810810811 0.107692307692308 0.0272121436504998 22
50.25375 32.51880556 0.21814581877475 0.0504237288135593 0.0839201877934272 0.117647058823529 22
50.3265 32.493228 0.201120448179272 0.0714285714285714 0.142857142857143 0.0612736023694928 22
50.3265 32.493228 0.253703703703704 0.117647058823529 0.0714285714285714 0.0909090909090909 22
50.3265 32.493228 0.188261351052049 0.155048076923077 0.0354010025062657 0.0645161290322581 22
50.3265 32.493228 0.193452380952381 0.125 0.100847457627119 0.0689655172413793 22
50.3265 32.493228 0.320754716981132 0.125 0 0.0787450396825397 22
50.747778 25.324444 0.103448275862069 0.114957716701903 0.0752358490566038 0.0909090909090909 22
47.803529 35.202091 0.133333333333333 0.194444444444444 0.0891534391534392 0.124944616747895 22
-1.28 29.69 0.25 0.25 0 0.4 22
39.15 -123.65 0 0 0 0 22
39 -123.21 0.00892857142857143 0 0 0.0303030303030303 22
39.15 -123.65 0 0 0 NA 22
39 -123.21 0 0 0 0 22
39.15 -123.65 0 0 0 NA 22
39 -123.21 0 0 0 0 22
39.15 -123.65 0 0 0 0 22
39 -123.21 0 0 0 0 22
39.15 -123.65 0 0 0 0 22
39 -123.21 0 0 0 0 22
39.15 -123.65 0 0 0 0 22
39 -123.21 0 0 0 0 22
39.15 -123.65 0 0 0 0 22
39 -123.21 0 0 0 0 22
39 -123.21 0 0 0 0 22
39.15 -123.65 0 0 0 0 22
39 -123.21 0 0 0 0 22
39.15 -123.65 0 0 0 0 22
39 -123.21 0 0 0 0 22
39.15 -123.65 0 0 0 0 22
39 -123.21 0 0 0 0 22
39.15 -123.65 0 0 0 0 22
38.68 -122.046 0.0614963158889099 0.024390243902439 0 0.0217391304347826 22
38.68 -122.046 0.037037037037037 0.0166666666666667 0 0.0222222222222222 22
38.68 -122.046 0.0566037735849057 0 0 0.02 22
38.68 -122.046 0.0653361344537815 0 0 0.0451153324287653 22
38.68 -122.046 0.0582417582417582 0.02 0.0172413793103448 0.0704225352112676 22
38.74 -120.74 0.0312348668280872 0.0135233918128655 0 0.0196078431372549 22
38.74 -120.74 0.0254182754182754 0.0307692307692308 0 0 22
38.74 -120.74 0.0674693321217628 0.0232558139534884 0 0.0344827586206897 22
38.74 -120.74 0.0491803278688525 0.0155048076923077 0 0.0347409404013178 22
38.02 -121.2 0 0 0 0 22
38.02 -121.2 0 0 0 0 22
38.02 -121.2 0.0435606060606061 0.0129037629037629 0 0 22
37.97 -120.26 0.0787878787878788 0 0 0 22
37.97 -120.26 0.0792079207920792 0.0273972602739726 0 0.0217391304347826 22
37.97 -120.26 0.024390243902439 0.0116279069767442 0 0.0166666666666667 22
37.97 -120.26 0.0792079207920792 0 0 0.0549450549450549 22
37.97 -120.26 0.0377358490566038 0.0147058823529412 0 0.0158730158730159 22
38.53 -121.97 0 0 0 0 22
25.467464 -80.47967 0.324561403508772 0 0 0.4 22
25.5 -80.477 0.425785634118967 0.093466107617051 0.093963963963964 0.4 22
25.5 -80.477 0.222222222222222 0 0.113207547169811 0.266666666666667 22
25.467464 -80.47967 0.307692307692308 0 0 0.388888888888889 22
33.95 -83.36 0.423882286361064 0.0087719298245614 0 0.04 22
33.95 -83.36 0.424242424242424 0.0494438332722161 0.0205720727067775 0.00952380952380952 22
30.99 -83.37 0.271186440677966 0.109090909090909 0.0660248842067024 0.293650793650794 22
40.11 -88.21 0.185567010309278 0.0310955961331901 0 0.0238095238095238 22
39.0913433 -95.6246509 0.209677419354839 0.0722996515679442 0 0.078125 22
39.202831 -95.741527 0.225 0 0 0.125327053898482 22
30.43 -91.12 0.0526680526680527 0.118823529411765 0.0190631808278867 0.0526315789473684 22
30.43 -91.12 0 0 0 0.0555555555555556 22
30.43 -91.12 0.107954545454545 0 0 0 22
30.43 -91.12 0 0.1 0 0 22
30.43 -91.12 0 0.166666666666667 0 0 22
30.43 -91.12 0 0 0 0 22
30.43 -91.12 0 0.142857142857143 0 0 22
30.43 -91.12 0.142857142857143 0 0 0.0416666666666667 22
30.43 -91.12 0 0 0 0 22
30.43 -91.12 0 0.104166666666667 0 0 22
30.43 -91.12 0 0.142857142857143 0 0.0801282051282051 22
32.5 -92.14 0.245614035087719 0.117265087853323 0 0.119225302061123 22
32.5 -92.14 0.25 0 0 0 22
32.5 -92.14 0.25 0 0 0 22
32.5 -92.14 0.25 0 0 0.1 22
32.5 -92.14 0.166666666666667 0 0 0.0909090909090909 22
32.5 -92.14 0.181818181818182 0.166666666666667 0 0 22
32.5 -92.14 0.2 0.25 0 0 22
32.5 -92.14 0.0833333333333333 0 0 0.2 22
32.5 -92.14 0.30952380952381 0 0 0.166666666666667 22
32.5 -92.14 0.222222222222222 0.0833333333333333 0 0.154761904761905 22
32.5 -92.14 0.225 0.111111111111111 0 0 22
44.039352 -69.864744 0.0444664031620553 0 0 0.077037037037037 22
44 -69.96 0.148148148148148 0.0705882352941176 0 0 22
44 -69.96 0.178125 0.133333333333333 0 0.0333333333333333 22
44.039352 -69.864744 0.0816666666666667 0 0 0.0526315789473684 22
42.45 -71.67 0.207614942528736 0.0256410256410256 0 0.0217391304347826 22
42.45 -71.67 0.209302325581395 0.0404081632653061 0 0.0454545454545455 22
42.45 -71.67 0.140350877192982 0.0479059093516925 0 0.0136986301369863 22
42.45 -71.67 0.18978102189781 0.0379155435759209 0 0.0111111111111111 22
42.1111 -86.4483 0.152184101987252 0.0426321369074663 0 0.0099009900990099 22
42.1111 -86.4483 0.133811858076564 0 0.0234762482089717 0.0261437908496732 22
42.35 -76.57 0 0 0 0 22
42.44 -76.5 0.151515151515152 0.0495100040832993 0 0 22
42.44 -76.5 0.153846153846154 0.151515151515152 0 0 22
35.76 -78.66 0.122905027932961 0.0382513661202186 0.0102040816326531 0.0172413793103448 22
35.77 -78.63 0.111111111111111 0.0714285714285714 0 0 22
39.88 -75.41 0.107594936708861 0.0325732899022801 0 0.011011101110111 22
39.88 -75.41 0.113526570048309 0.0666666666666667 0 0.0533333333333333 22
39.88 -75.41 0.226495726495726 0.037037037037037 0 0.0833333333333333 22
39.88 -75.41 0.1875 0 0.0116294793779581 0.0294117647058824 22
39.88 -75.41 0.13864247311828 0.0263157894736842 0.00561797752808989 0.0142857142857143 22
39.88 -75.41 0.202898550724638 0.0722483046426708 0.0285714285714286 0.0773504273504274 22
39.88 -75.41 0.160714285714286 0.021286231884058 0.0387241838774151 0.0705882352941176 22
39.88 -75.41 0.173913043478261 0.0752358490566038 0 0.0847457627118644 22
39.88 -75.41 0.172511312217195 0.024390243902439 0.0206382978723404 0.0256410256410256 22
39.88 -75.41 0.155048076923077 0 0 0 22
39.88 -75.41 0.141741071428571 0.0734274711168164 0.0102136529442418 0.0222222222222222 22
39.88 -75.41 0.198426573426573 0.0363636363636364 0 0.0579710144927536 22
39.88 -75.41 0.186440677966102 0.0748280275155975 0 0.1 22
39.88 -75.41 0.225035161744022 0.075117903930131 0.010752688172043 0.0181818181818182 22
39.88 -75.41 0.141787515762926 0.0323178501100429 0 0.0306154326772883 22
40.793395 -77.860001 0.210433654558933 0.0441176470588235 0.00869565217391304 0.05 22
40.793395 -77.860001 0.206959706959707 0.0961538461538462 0 0.0557364341085271 22
40.793395 -77.860001 0.131323631323631 0.0298507462686567 0 0.0708694203864091 22
41.833989 -71.4047 0.214285714285714 0.0666666666666667 0 0.0454545454545455 22
41.833989 -71.4047 0.157894736842105 0 0 0.0526315789473684 22
41.823834 -71.396821 0.133333333333333 0 0 0.117647058823529 22
41.823834 -71.396821 0.235294117647059 0 0 0.313725490196078 22
41.823834 -71.396821 0.188235294117647 0 0 0.25 22
41.827639 -71.401978 0.207692307692308 0.0869565217391304 0 0.0239316239316239 22
41.823834 -71.396821 0.143589743589744 0 0 0.193498452012384 22
41.823612 -71.389529 0.144957983193277 0.0384615384615385 0 0.0597147950089127 22
41.834655 -71.39653 0.0912698412698413 0.0555555555555556 0 0 22
41.823834 -71.396821 0.223180076628352 0.0571895424836601 0 0.04 22
41.834655 -71.39653 0.0651260504201681 0.0555555555555556 0 0 22
41.825072 -71.412921 0.264363354037267 0.0909090909090909 0 0.025974025974026 22
41.833989 -71.4047 0.0741758241758242 0 0 0.0909090909090909 22
41.827639 -71.401978 0.0606617647058824 0 0 0.0526315789473684 22
41.827639 -71.401978 0.0515873015873016 0 0 0.0588235294117647 22
41.823612 -71.389529 0.0980861244019139 0.130434782608696 0 0 22
41.823612 -71.389529 0.154761904761905 0.0909090909090909 0 0 22
33.39 -80.34 0.25 0 0 0.0740136054421769 22
33.57 -100.9 0.376 0.0909391534391534 0 0.0731859511499376 22
33.57 -100.9 0.322916666666667 0 0 0 22
33.57 -100.9 0.234313725490196 0.13961038961039 0 0 22
33.57 -100.9 0.444444444444444 0.0714285714285714 0 0.1125 22
33.57 -100.9 0.4 0 0 0.0833333333333333 22
33.57 -100.9 0.275 0 0 0 22
33.57 -100.9 0.408333333333333 0.111111111111111 0 0.1 22
33.57 -100.9 0.392307692307692 0.0811688311688312 0 0.125 22
33.57 -100.9 0.4 0.0690476190476191 0 0 22
33.57 -100.9 0.444444444444444 0.1 0 0 22
33.57 -100.9 0.5 0 0 0 22
30.23 -99.66 0.373015873015873 0.0404040404040404 0 0.127659574468085 22
30.23 -99.66 0.554945054945055 0.0714285714285714 0 0.0416666666666667 22
30.23 -99.66 0.244047619047619 0 0 0.05 22
30.23 -99.66 0.428571428571429 0 0 0.166666666666667 22
30.23 -99.66 0.333333333333333 0 0 0.2 22
30.23 -99.66 0.375 0 0 0.25 22
30.23 -99.66 0.381818181818182 0 0 0 22
30.23 -99.66 0.285714285714286 0 0 0.25 22
30.23 -99.66 0.272727272727273 0 0 0.2 22
30.23 -99.66 0.3125 0 0 0.0384615384615385 22
30.23 -99.66 0.3 0 0 0.2 22
38 -78.47 0.114754098360656 0 0 0.0192307692307692 22
38 -78.47 0.175 0 0 0 22
38 -78.47 0.196969696969697 0 0 0 22
38 -78.47 0.204819277108434 0.0153846153846154 0 0.0303030303030303 22
38 -78.47 0.222128851540616 0.010752688172043 0 0.018348623853211 22
38 -78.47 0.297297297297297 0 0 0.0202020202020202 22
37.979 -78.4897 0.181818181818182 0 0 0 22
37.979 -78.4897 0.276148582600195 0.0119115144639818 0 0.0178571428571429 22
37.979 -78.4897 0.235497835497835 0 0 0.0555555555555556 22
37.979 -78.4897 0.155034324942792 0.0196078431372549 0 0 22
37.979 -78.4897 0.170642515379357 0.00784325787401575 0 0.037974320761206 22
37.979 -78.4897 0.132502632502633 0.0115943003091813 0 0.0298507462686567 22
37.979 -78.4897 0.180194805194805 0 0 0 22
37.979 -78.4897 0.169820646801299 0.00847578347578348 0 0.0267857142857143 22
37.979 -78.4897 0.151604787161703 0.0165426085052816 0 0.0272877408022605 22
37.979 -78.4897 0.157218396458436 0 0 0.0380290408273799 22
37.979 -78.4897 0.157487922705314 0.00970873786407767 0 0.0134228187919463 22
37.979 -78.4897 0.206896551724138 0.0186046511627907 0 0.0226415094339623 22
37.979 -78.4897 0.153846153846154 0.0217391304347826 0 0.0132704731971364 22
37.979 -78.4897 0.158878504672897 0 0 0.00854841361170475 22
37.979 -78.4897 0.141711229946524 0 0 0.0312805474095797 22
37.979 -78.4897 0.164990891255605 0.0466019417475728 0 0.0185334353944335 22
37.979 -78.4897 0.134328358208955 0.0157894736842105 0 0.00813008130081301 22
37.979 -78.4897 0.243640474844545 0.0172413793103448 0 0.0113636363636364 22
37.979 -78.4897 0.288428865241885 0.00813008130081301 0 0.0137018932018725 22
37.979 -78.4897 0.309210526315789 0 0 0.0062111801242236 22
37.979 -78.4897 0.194003527336861 0 0 0.0144927536231884 22
37.979 -78.4897 0.224455205811138 0 0 0.0298507462686567 22
37.979 -78.4897 0.422849991060254 0 0 0 22
37.979 -78.4897 0.266907166907167 0 0 0.021725612125923 22
37.979 -78.4897 0.175 0 0 0 22
37.979 -78.4897 0.169540229885057 0 0 0.0238095238095238 22
37.979 -78.4897 0.130218301435407 0.0233918128654971 0 0.0122902074798467 22
37.979 -78.4897 0.255184255712588 0.0036231884057971 0 0.0349260247392675 22
37.979 -78.4897 0.119799139167862 0.024390243902439 0 0.0169600075904929 22
37.979 -78.4897 0.154166666666667 0.0386023152877085 0 0.0357306926649992 22
37.979 -78.4897 0.138998211091234 0.024390243902439 0 0 22
37.979 -78.4897 0.251636661211129 0.015625 0 0.00581395348837209 22
37.979 -78.4897 0.192990832696715 0.0289855072463768 0 0.015625 22
37.979 -78.4897 0.268483709273183 0.0126582278481013 0 0.0238095238095238 22
37.979 -78.4897 0.18350311262026 0.027027027027027 0 0.0147058823529412 22
37.979 -78.4897 0.262956901254774 0.0274024024024024 0 0.0251572327044025 22
37.979 -78.4897 0.140394088669951 0 0 0.0138888888888889 22
37.979 -78.4897 0.0937365937365937 0.0126582278481013 0 0 22
37.979 -78.4897 0.14154616240267 0 0 0.0434782608695652 22
37.979 -78.4897 0.217391304347826 0 0 0.0299107142857143 22
37.979 -78.4897 0.114285714285714 0 0 0 22
37.979 -78.4897 0.222222222222222 0 0 0 22
37.979 -78.4897 0.138888888888889 0 0 0 22
37.979 -78.4897 0.176470588235294 0 0 0 22
47.23713 -122.39627 0.0796830252538401 0.0207793609671848 0 0.0176470588235294 22
43.11 -89.65 0.0526315789473684 0 0 0 22
43.11 -89.65 0.0909090909090909 0.0206207482993197 0 0.08 22
43.11 -89.65 0.126643796455117 0.0222222222222222 0 0.0192307692307692 22
43.11 -89.65 0.121215213121445 0.0371670941014007 0.00938967136150235 0.0485436893203883 22
43.11 -89.65 0.107142857142857 0.0158730158730159 0 0.051948051948052 22
43.11 -89.65 0.127155172413793 0.0434782608695652 0.0116294793779581 0.0281746031746032 22
43.11 -89.65 0.188524590163934 0.0250575434191253 0 0.0579548620785734 22
-30.97 27.59 0.4 0 0 0 22
-23.94 31.14 0.428571428571429 0.285714285714286 0 0 22
-25.42 30.1 0.291666666666667 0.107142857142857 0 0.1 22
-16.54 28.72 0.224489795918367 0.122448979591837 0 0.107142857142857 22
-17.94 25.83 0 0 0 0 22
14.4 -17.26 0.40500000000000003 8.1000000000000003E-2 0.40500000000000003 0 21
38.18 20.57 4.6199999999999998E-2 7.6899999999999996E-2 0 0 21
6.21 2.25 0.63900000000000001 0.111 0.33300000000000002 0.30599999999999999 21
6.22 2.3 0.13800000000000001 3.4000000000000002E-2 6.9000000000000006E-2 0 21
-4.15 15.14 0.19 2.4E-2 0.11899999999999999 0.14299999999999999 21
-4.15 15.14 0 0 0 0 21
-4.18 15.09 8.3000000000000004E-2 0.05 8.3000000000000004E-2 0.1 21
-4.2 15.09 0 0 0 0 21
6.15 -5 0.63600000000000001 0.121 0.24199999999999999 0.33300000000000002 21
6.15 -5 0.61399999999999999 0.20499999999999999 NA NA 21
5.52 -7.27 0.52 0.08 0.17299999999999999 0.53300000000000003 21
5.52 -7.27 0.5 0.11899999999999999 0.38100000000000001 0.64300000000000002 21
-1.05 34.45 0 0 0 4.8000000000000001E-2 21
-0.1 37 0.26700000000000002 0 0 0 21
-21.19 47.39 0.28599999999999998 0 0 0 21
-20.1 57.3 0 0 0 0 21
-19.41 63.25 0 0 0 0 21
-4.37 55.27 0.17599999999999999 8.7999999999999995E-2 0 0.23499999999999999 21
-33.58 18.36 0.154 3.7999999999999999E-2 0 3.7999999999999999E-2 21
-26.1 31.5 0.222 0.111 0 0 21
46.517 11.367 0.22666666666666666 8.9041095890410954E-2 0.06 4.1379310344827586E-2 21
-13.01 33.3 0.2 0.04 NA NA 21
-13.59 33.44 0.16700000000000001 0 NA NA 21
44.0231 -69.8836 0.17599999999999999 7.3170731707317069E-2 0 0 21
44.0231 -69.8836 0.17857142857142858 0.125 0 3.0303030303030304E-2 21
33.4 -80.35 0.24166666666666667 8.0645161290322578E-3 8.5470085470085479E-3 6.9444444444444448E-2 21
30.9906 -83.3714 0.2857142857142857 0.10555555555555556 7.3446327683615822E-2 0.28426395939086296 21
25.4712 -80.4681 0.21153846153846154 0.02 0.10204081632653061 0.32075471698113206 21
25.4712 -80.4681 0.44594594594594594 9.1954022988505746E-2 9.1954022988505746E-2 0.41414141414141414 21
39.5302 -75.2449 0.16666666666666666 3.125E-2 0 0 21
39.5302 -75.2449 0.17171717171717171 0 9.8039215686274508E-3 3.7735849056603772E-2 21
39.5302 -75.2449 0.22641509433962265 2.2727272727272728E-2 0 4.3478260869565216E-2 21
39.5302 -75.2449 9.8360655737704916E-2 6.6666666666666666E-2 0 6.097560975609756E-2 21
39.5302 -75.2449 0.20192307692307693 7.6923076923076927E-2 2.9411764705882353E-2 7.6271186440677971E-2 21
39.5302 -75.2449 0.16304347826086957 6.9767441860465115E-2 0 7.6923076923076927E-2 21
39.5302 -75.2449 0.17105263157894737 1.2987012987012988E-2 3.5714285714285712E-2 7.8651685393258425E-2 21
35.77959 -78.638179 9.3023255813953487E-2 9.0909090909090912E-2 2.3809523809523808E-2 2.1276595744680851E-2 21
43.6 3.88 6.3157894736842107E-2 0 4.4444444444444446E-2 0.10606060606060606 21
38.53 -121.97 0 0 0 0 21
12.93 77.59 0.1694 0.1532 0.1048 0.2903 21
10 76.3 9.8199999999999996E-2 0.2321 8.9300000000000004E-2 0.1696 21
9.74 76.25 0.1774 0.1855 9.6799999999999997E-2 0.2339 21
25.49 83.58 7.6899999999999996E-2 8.3299999999999999E-2 3.85E-2 0.12820000000000001 21
26.13 91.74 0.1 9.5000000000000001E-2 7.4999999999999997E-2 0.16 21
32.6 74.86 0.1885 0.123 0.15570000000000001 0.22950000000000001 21
8.13 77.54 0.18179999999999999 0.20910000000000001 0.1182 0.24540000000000001 21
13.07 80.28 0.18290000000000001 0.1951 0.1585 0.26829999999999998 21
25.01 82.5 5.4800000000000001E-2 0.1096 2.7400000000000001E-2 0.14380000000000001 21
12.2 76.64 0.1875 0.1923 6.7299999999999999E-2 0.1731 21
25.6 85.14 9.3200000000000005E-2 0.1017 0 0.1186 21
25.5 91.89 0.1212 9.8500000000000004E-2 0.11360000000000001 0.16669999999999999 21
13.6 79.42 0.1852 0.1852 0.12039999999999999 0.26850000000000002 21
8.53 76.94 0.16669999999999999 0.2281 0.20180000000000001 0.24560000000000001 21
-18.45 22.45 0.35199999999999998 9.9000000000000005E-2 0 0.19700000000000001 21
-12 32 0.24399999999999999 0.23300000000000001 0 3.5000000000000003E-2 21
44.0231 -69.8836 0.15094339600000001 0.08 0 0 21
25.4712 -80.4681 0.38461538499999998 0 8.1632652999999999E-2 0.46938775500000002 21
5.93 116.05 0.1739 0.1522 0.1522 0.30430000000000001 21
3.1333 101.7 0.23910000000000001 0.1522 4.3499999999999997E-2 0.1739 21
10.3 123.9 0.18420000000000003 0.13159999999999999 7.8899999999999998E-2 0.13159999999999999 21
13.08333 100.4833 0.16469999999999999 0.1429 0.1429 0.26190000000000002 21
18.75 98.96667 0.18 0.18 0.1 0.18 21
39.91 116.41 0.13333333333333333 0 0.3 0.13333333333333333 21
-42.77 147.56 5.5555555555555552E-2 0.25 0.25 0.19444444444444445 21
52.02 5.1 0.23684210526315788 0 2.6315789473684209E-2 2.6315789473684209E-2 21
42.35 -76.57 0.10526315789473684 2.6315789473684209E-2 0 2.6315789473684209E-2 21
-1.17 36.49 0.185 0 1.9E-2 7.3999999999999996E-2 21
-18.54 47.32 0.26900000000000002 0 0 0 21
33.45 131.35 4.4999999999999998E-2 5.5E-2 0 0.05 21
38.08 140.17 0.22500000000000001 0.12 8.0000000000000002E-3 6.7000000000000004E-2 21
38.08 140.17 0.24299999999999999 0.126 1.4E-2 9.5000000000000001E-2 21
38.08 140.17 0.19400000000000001 6.3E-2 0 9.7000000000000003E-2 21
38.08 140.17 0.245 0.14000000000000001 1E-3 0.14499999999999999 21
39.76 140.12 4.4999999999999998E-2 0.06 2.5000000000000001E-2 0.08 21
27 142.21 0.23 0.02 0.06 0.31 21
27 142.21 0.19 2.5000000000000001E-2 0.14499999999999999 0.34499999999999997 21
36.68 137.18 4.4999999999999998E-2 0.1 4.4999999999999998E-2 0.13 21
35.33 139.35 0.13800000000000001 0.11600000000000001 1.4E-2 6.5000000000000002E-2 21
33.22 130.16 5.0000000000000001E-3 0 0 0 21
34.8 135.43 0.12 0.105 7.4999999999999997E-2 0.1 21
24.33 123.82 0.64500000000000002 0.28999999999999998 0.38500000000000001 0.89 21
24.37 124.16 0.61299999999999999 0.35399999999999998 0.38500000000000001 0.74399999999999999 21
24.37 124.16 0.54500000000000004 0.442 0.4 0.75 21
24.37 124.16 0.55500000000000005 0.38 0.45500000000000002 0.82499999999999996 21
24.37 124.16 0.70699999999999996 0.39700000000000002 0.46600000000000003 0.82799999999999996 21
37.13 138.24 0.1 0.04 0.01 0.03 21
32.08 130.35 5.0000000000000001E-3 5.0000000000000001E-3 0 0 21
35.63 139.27 0.27 0.255 0.105 0.12 21
35.63 139.27 0.16500000000000001 9.5000000000000001E-2 0.03 0.16 21
35.63 139.27 0.155 0.14000000000000001 2.5000000000000001E-2 0.16500000000000001 21
35.63 139.27 0.115 0.12 5.0000000000000001E-3 0.17 21
35.63 139.27 0.32 0.21 8.5000000000000006E-2 0.18 21
35.63 139.27 0.108 0.113 5.0000000000000001E-3 0.187 21
35.63 139.27 0.17 0.14000000000000001 0.01 0.23 21
35.63 139.27 0.26500000000000001 0.14499999999999999 4.4999999999999998E-2 0.25 21
35.63 139.27 0.108 0.11700000000000001 1.7000000000000001E-2 0.254 21
35.63 139.27 0.13 0.125 3.5000000000000003E-2 0.255 21
35.63 139.27 0.35 0.255 0.1 0.26500000000000001 21
35.63 139.27 0.115 0.12 1.4999999999999999E-2 0.26500000000000001 21
35.63 139.27 0.14699999999999999 0.13 1.2999999999999999E-2 0.27300000000000002 21
35.63 139.27 0.17 0.09 0.06 0.27500000000000002 21
35.63 139.27 0.28999999999999998 0.20499999999999999 0.06 0.33 21
35.63 139.27 0.40500000000000003 0.3 0.11 0.375 21
35.47 137.05 0.15 3.5000000000000003E-2 1.4999999999999999E-2 0.185 21
35.66 138.57 0.22 0.13500000000000001 6.5000000000000002E-2 0.08 21
35.66 138.57 0.36 0.255 0.05 0.09 21
35.66 138.57 0.32500000000000001 0.27 6.5000000000000002E-2 0.11 21
35.66 138.57 0.26 8.5000000000000006E-2 0.04 0.115 21
35.66 138.57 0.33500000000000002 0.28000000000000003 0.06 0.14499999999999999 21
35.66 138.57 9.5000000000000001E-2 0.1 1.4999999999999999E-2 0.15 21
35.66 138.57 0.2 0.15 3.5000000000000003E-2 0.155 21
35.66 138.57 0.27500000000000002 0.19 0.03 0.2 21
35.66 138.57 0.42499999999999999 0.3 0.115 0.20499999999999999 21
35.66 138.57 0.26 0.245 7.4999999999999997E-2 0.22 21
38.28 141 0.12 7.0000000000000007E-2 5.0000000000000001E-3 0.85 21
34.55 135.5 0.16 0.10299999999999999 7.0999999999999994E-2 7.5999999999999998E-2 21
35.12 138.92 0.05 5.0000000000000001E-3 5.0000000000000001E-3 0.05 21
35.12 138.92 0.05 1.4999999999999999E-2 0.02 0.08 21
35.12 138.92 0.19500000000000001 3.5000000000000003E-2 0.09 0.1 21
35.12 138.92 9.5000000000000001E-2 6.5000000000000002E-2 2.5000000000000001E-2 0.12 21
35.12 138.92 0.12 2.5000000000000001E-2 1.4999999999999999E-2 0.12 21
35.12 138.92 0.14000000000000001 0.09 0.05 0.125 21
35.12 138.92 0.15 9.5000000000000001E-2 0.04 0.13 21
35.12 138.92 0.15 7.4999999999999997E-2 4.4999999999999998E-2 0.13500000000000001 21
35.12 138.92 0.18 5.2999999999999999E-2 0.02 0.13800000000000001 21
35.12 138.92 0.17499999999999999 0.09 5.5E-2 0.14000000000000001 21
35.12 138.92 0.16 4.4999999999999998E-2 3.3000000000000002E-2 0.14000000000000001 21
35.12 138.92 0.115 4.8000000000000001E-2 4.4999999999999998E-2 0.14000000000000001 21
35.12 138.92 0.19 7.0000000000000007E-2 0.09 0.15 21
35.12 138.92 0.155 8.5000000000000006E-2 0.04 0.155 21
35.12 138.92 0.15 7.4999999999999997E-2 8.5000000000000006E-2 0.22 21
26.5 127.98 0.64 0.43 0.42499999999999999 0.67 21
35.25 136.87 2.5000000000000001E-2 0.02 1.4999999999999999E-2 7.0000000000000007E-2 21
39.5 141.29 0.20499999999999999 0.05 0.01 7.0000000000000007E-2 21
36.35 139.7 0.14000000000000001 9.5000000000000001E-2 4.4999999999999998E-2 0.06 21
36.35 139.7 9.5000000000000001E-2 0.105 0.06 7.0000000000000007E-2 21
36.35 139.7 0.14499999999999999 0.155 0.06 0.19500000000000001 21
35.9 139.63 8.6999999999999994E-2 7.5999999999999998E-2 2.1999999999999999E-2 5.3999999999999999E-2 21
33.5 132.54 0 0 3.0000000000000001E-3 0 21
34.73 134.04 0.04 0.04 3.0000000000000001E-3 2.5000000000000001E-2 21
35.5 133.81 0.19 0.13500000000000001 0.105 0.19 21
34.83 133.26 2.5000000000000001E-2 5.0000000000000001E-3 5.0000000000000001E-3 1.4999999999999999E-2 21
36.12 137.95 0.115 6.5000000000000002E-2 0 0.06 21
36.12 137.95 0.17 4.4999999999999998E-2 1.4999999999999999E-2 0.1 21
36.12 137.95 7.8E-2 5.2999999999999999E-2 1.4999999999999999E-2 0.14000000000000001 21
36.12 137.95 2.5000000000000001E-2 0.17499999999999999 1.7000000000000001E-2 0.28299999999999997 21
34.72 135.33 0.104 4.2000000000000003E-2 0.104 9.4E-2 21
34.72 135.33 0.156 9.4E-2 3.1E-2 0.125 21
34.72 135.33 0.20499999999999999 0.114 2.3E-2 0.159 21
35.48 132.82 1.4999999999999999E-2 0.01 0.01 9.5000000000000001E-2 21
33.3 130.69 0.12 5.0000000000000001E-3 0 0.09 21
41.85 140.4 0.16 7.4999999999999997E-2 0.13 0.125 21
-35.5 149.8 0.1 0.16 0.12 4.2999999999999997E-2 21
-27.5 153 0.22 0.09 0.03 0.21 21
-35.3 149.2 0.09 0.04 0.01 0.1 21
-36.4 145.4 0.03 0 0 0.06 21
-35 138.5 0.03 0 0 0 21
-32.6 149.6 7.0000000000000007E-2 0.11 0.05 0.11 21
-43 147.3 0 0.05 0 0 21
-12.5 130.8 0.25 0.25 0.25 0.57999999999999996 21
-17.5 146 0.4 0.2 0 1 21
-37.7 144.8 0.05 7.0000000000000007E-2 0.02 0.02 21
-26.6 153 0.21 0.06 0.06 0.45 21
-36.1 146.5 0.03 0.06 0.08 0.03 21
-31.9 116 0.04 0 0.04 0 21
-11.4 130.7 0.55000000000000004 0.46 0.46 0.27 21
-34.9 138.6 0.22 0 0 0.06 21
-28.7 152 0.1 0.1 0 0.19 21
-19.3 146.7 0.33 0.44 0.22 0.55000000000000004 21
-31.9 116 0 0 0.15 0.15 21
-8.8 148.3 0.46 0.18 0.5 0.68 21
-27.5 153.3 0 0 0 0 21
-27.5 153.3 0.28000000000000003 0.11 0.06 0.33 21
-27.5 153.3 0.2 0.13 0.12 0.37 21
-27.5 153.3 0.32 0.11 0.26 0.37 21
-27.5 153.3 0.13 0.08 0.16 0.53 21
-27.5 153.3 0 0.28999999999999998 0.14000000000000001 0.71 21
-27.5 153.3 0.5 0 0 1 21
-27.2 151.3 0.17 0.17 0 0 21
-27.2 151.3 0.5 0.25 0 0.25 21
-27.2 151.3 0.33 0.67 0 0.33 21
-27.2 151.3 0.36 0.27 0 0.36 21
-27.2 151.3 0.22 0.14000000000000001 0.06 0.4 21
-27.2 151.3 0.21 0.13 0.13 0.42 21
-27.2 151.3 0 0 0.15 0.77 21
-27.6 152.3 0.34 0.03 0.09 0.23 21
-27.6 152.3 0 0.25 0 0.25 21
-27.6 152.3 0.25 0.17 0.15 0.35 21
-27.6 152.3 0.22 0.11 0.11 0.43 21
-27.6 152.3 0.27 0.1 0.05 0.43 21
-27.6 152.3 0.24 0.1 0.12 0.44 21
-27.6 152.3 0.28999999999999998 0.1 0.19 0.48 21
-27.6 152.3 0.5 0 0 0.5 21
-27.6 152.7 0.3 0.15 0.13 0.28000000000000003 21
-27.6 152.7 0 0 0 0.33 21
-27.6 152.7 0.28999999999999998 0.18 0.12 0.41 21
-27.6 152.7 0.31 0.13 0.1 0.41 21
-27.6 152.7 0.18 0.2 0.04 0.46 21
-27.6 152.7 0.16 0.14000000000000001 0.12 0.48 21
-27.6 152.7 0.17 0.08 0.17 0.5 21
-27.6 152.7 0 0.13 0 0.5 21
-27.4 151.7 0 0 0 0 21
-27.4 151.7 0 0 0 0 21
-27.4 151.7 0.27 0.1 0.14000000000000001 0.31 21
-27.4 151.7 0.24 0.14000000000000001 7.0000000000000007E-2 0.41 21
-27.4 151.7 0 0 0 0.5 21
-27.4 151.7 0.17 7.0000000000000007E-2 0 0.62 21
-27.4 151.7 0 0 0 0.67 21
-27.6 152.9 0.19 0.15 0.06 0.45 21
-27.6 152.9 0.33 0 0 0.5 21
-27.6 152.9 0.13 0.11 0.05 0.5 21
-27.6 152.9 0.26 0.12 0.14000000000000001 0.53 21
-27.6 152.9 0.25 0.31 0.19 0.56000000000000005 21
-27.6 152.9 0.24 0.16 0.18 0.56000000000000005 21
-27.6 152.9 0.25 0 0 0.75 21
-27.6 152 0.22 0.13 0.18 0.33 21
-27.6 152 0.18 0.14000000000000001 0.08 0.34 21
-27.6 152 0.25 0.08 0.19 0.45 21
-27.6 152 0.16 0.8 0.06 0.47 21
-27.6 152 0 0 0 0.5 21
-27.6 152 0 0 0 0.75 21
-27.6 152 0 0 0.33 1 21
-27.6 152 1 0 0 1 21
30.096574 31.322436 0.5714285714285714 0.15384615384615385 0.125 0 21
9.812635 38.631785 0 0 0 0 21
8.249461 34.591813 0 0 0 0 21
-25.418625 30.104585 0.23809523809523808 0.10638297872340426 0 5.2631578947368418E-2 21
35.82 -78.87 7.0000000000000007E-2 4.2999999999999997E-2 3.2000000000000001E-2 0.14499999999999999 21
35.82 -78.87 4.4999999999999998E-2 0.109 4.3999999999999997E-2 0.158 21
48.2 16.55 0.45161290322580644 3.0303030303030304E-2 2.8571428571428571E-2 8.3333333333333329E-2 21
48.2 16.55 0.44736842105263158 5.9523809523809521E-2 4.7619047619047616E-2 0.12359550561797752 21
41.3833 2.1833 0.25 9.2592592592592587E-2 1.8518518518518517E-2 0.04 21
41.3833 2.1833 0.10344827586206896 3.0303030303030304E-2 8.5714285714285715E-2 5.4054054054054057E-2 21
38.0299 -78.479 0.13636363636363635 0 0 0 21
38.0299 -78.479 0.11538461538461539 0 0 2.1052631578947368E-2 21
43.0947 -89.6611 5.8823529411764705E-2 0 0 0 21
43.0947 -89.6611 0.13725490196078433 0.02 0 1.9230769230769232E-2 21
43.0947 -89.6611 0.10344827586206896 1.7543859649122806E-2 0 7.2727272727272724E-2 21
42.4433 -76.5 0.14705882352941177 0.13513513513513514 0 0 21
42.4433 -76.5 0.14666666666666667 5.1948051948051951E-2 0 0 21
42.4556 -71.6736 0.21951219512195122 2.5974025974025976E-2 0 3.0769230769230771E-2 21
42.4556 -71.6736 0.2 3.4482758620689655E-2 0 3.8461538461538464E-2 21
39.5302 -75.2449 0.11140583554376658 3.3163265306122451E-2 0 1.5730337078651686E-2 21
39.5302 -75.2449 0.13861386138613863 3.0612244897959183E-2 1.0416666666666666E-2 2.2988505747126436E-2 21
39.5302 -75.2449 0.19047619047619047 3.125E-2 3.1746031746031744E-2 3.3898305084745763E-2 21
35.76 -78.66 0.15365853658536585 5.8536585365853662E-2 1.4634146341463415E-2 3.4146341463414637E-2 21
19.43 -99.13 0 0.2 3.3000000000000002E-2 6.7000000000000004E-2 21
18.47 -66.11 4.8000000000000001E-2 0 1.2E-2 0.434 21
35.5 -78.74 5.3999999999999999E-2 9.6000000000000002E-2 1.6E-2 0.11799999999999999 21
34 -81.03 0.08 0.08 0.01 0.13 21
40.63 -96.96 4.4999999999999998E-2 4.4999999999999998E-2 9.0999999999999998E-2 9.0999999999999998E-2 21
30.25 -81.66 9.9000000000000005E-2 0.13300000000000001 4.5999999999999999E-2 0.19400000000000001 21
30.25 -81.66 0.14399999999999999 0.26400000000000001 8.7999999999999995E-2 0.21199999999999999 21
35.97 -83.92 4.2000000000000003E-2 0.126 0.02 0.112 21
27.17 -81.36 NA NA 5.8999999999999997E-2 0.79300000000000004 21
27.17 -81.36 0.186 0.214 NA NA 21
27.92 -81.59 0.15 0.183 4.5999999999999999E-2 0.80400000000000005 21
40.81 -96.68 0.107 0.14699999999999999 7.2999999999999995E-2 0.153 21
33.58 -101.86 0.08 0.17799999999999999 0.19900000000000001 0.19500000000000001 21
33.42 -111.83 0.1 0.25 0.09 0.24 21
25.87 -80.19 0.253 0.23499999999999999 0.11 0.41699999999999998 21
25.87 -80.19 0.246 0.316 0.14899999999999999 0.47399999999999998 21
43.08 -79.04 0 0 5.0000000000000001E-3 0 21
28.5 -81.38 0.185 0.22500000000000001 NA NA 21
43.67 -70.26 2.4E-2 3.2000000000000001E-2 1.6E-2 3.2000000000000001E-2 21
35.77 -78.64 3.5999999999999997E-2 0.13 3.3000000000000002E-2 0.112 21
35.77 -78.64 5.0999999999999997E-2 8.5999999999999993E-2 1.7999999999999999E-2 0.11799999999999999 21
35.77 -78.64 7.5999999999999998E-2 9.5000000000000001E-2 NA NA 21
35.77 -78.64 2.1000000000000001E-2 9.5000000000000001E-2 NA NA 21
32.22 -110.92 0.27800000000000002 0.23599999999999999 0.19400000000000001 0.23599999999999999 21
37.67 -75.69 0 7.0000000000000007E-2 7.0000000000000007E-2 0.14000000000000001 21
39.23 -78.16 2.3E-2 0 0 1.4999999999999999E-2 21
35.77 -78.64 5.6899999999999999E-2 0.1138 1.23E-2 8.7900000000000006E-2 21
35.77 -78.64 7.0000000000000007E-2 0.151 NA NA 21
41.38306 -8.76667 0.38095238095238093 8.1081081081081086E-2 0.12820512820512819 0.1951219512195122 21
6.25 10.4333 0.1 0 0 0.15384615384615385 21
-2.49 28.92 0.1111111111111111 3.7037037037037035E-2 0 0.14814814814814814 21
-23.944 31.14 0.2857142857142857 0.2 0 0 21
-16.536 28.718 0.2233502538071066 0.12182741116751269 0 0.1065989847715736 21
-16.917 145.767 0.31818181818181818 8.6956521739130432E-2 0.18181818181818182 0.51851851851851849 21
-42.768889 147.67 0.04 0 0 6.6666666666666666E-2 21
43.2 -5.9 0.15 0.14399999999999999 7.1999999999999995E-2 3.3000000000000002E-2 21
43.2 -5.9 0.32400000000000001 0.13500000000000001 0.24299999999999999 0.121 21
43.2 -5.9 0.2 0.155 0.13300000000000001 0.122 21
43.2 -5.9 0.187 0.08 0.14199999999999999 0.13300000000000001 21
43.2 -5.9 0.223 0.107 0.253 0.13500000000000001 21
43.2 -5.9 0.26800000000000002 0.17100000000000001 0.223 0.14099999999999999 21
43.2 -5.9 0.189 0.108 0.216 0.14799999999999999 21
43.2 -5.9 0.21099999999999999 0.129 0.21099999999999999 0.158 21
43.2 -5.9 0.28499999999999998 0.107 0.14199999999999999 0.16 21
43.2 -5.9 0.24099999999999999 8.2000000000000003E-2 0.16400000000000001 0.17 21
43.2 -5.9 0.221 0.14599999999999999 0.14099999999999999 0.17199999999999999 21
43.2 -5.9 0.185 0.104 0.14499999999999999 0.17699999999999999 21
43.2 -5.9 0.313 9.7000000000000003E-2 0.223 0.17899999999999999 21
43.2 -5.9 0.20499999999999999 0.11799999999999999 0.14399999999999999 0.185 21
43.2 -5.9 0.11700000000000001 0.156 0.23499999999999999 0.186 21
43.2 -5.9 0.27300000000000002 0.16600000000000001 0.29699999999999999 0.19 21
43.2 -5.9 0.27500000000000002 0.10199999999999999 0.112 0.193 21
43.2 -5.9 0.29599999999999999 0.109 0.187 0.22600000000000001 21
43.2 -5.9 0.32300000000000001 8.7999999999999995E-2 8.7999999999999995E-2 0.23499999999999999 21
43.2 -5.9 0.183 0.13300000000000001 0.15 0.26600000000000001 21
43.2 -5.9 0.33300000000000002 0.17599999999999999 0.372 0.30299999999999999 21
25.07 83.19 3.0599999999999999E-2 1.7000000000000001E-2 0 0 21
25.04 83.19 9.2999999999999992E-3 4.2099999999999999E-2 0 2.8000000000000001E-2 21
25.47 82.97 4.3499999999999997E-2 3.2599999999999997E-2 0 0 21
25.27 83.03 2.6700000000000002E-2 3.3300000000000003E-2 3.3300000000000003E-2 6.7000000000000002E-3 21
26.67 88.42 3.4500000000000003E-2 1.72E-2 5.1700000000000003E-2 0 21
25.33 82.97 4.4900000000000002E-2 2.69E-2 5.8999999999999999E-3 0 21
26.18 -97.79 0.1497 0.1361 0.25850000000000001 0.51700000000000002 21
26.17 -98.05 0.13700000000000001 0.16439999999999999 0.2329 0.43840000000000001 21
33.77 -89.81 9.7100000000000006E-2 0.08 2.29E-2 0.20569999999999999 21
26.16 -97.82 0.18779999999999999 0.22650000000000001 0.2611 0.57779999999999998 21
26.22 -98.33 0.2364 0.34549999999999997 0.23419999999999999 0.58560000000000001 21
34.21 -89.95 0.1346 5.7700000000000001E-2 5.7700000000000001E-2 0.1321 21
26.38 -98.82 0.23080000000000001 0.25 0.30769999999999997 0.44230000000000003 21
32.41 -91.19 3.6400000000000002E-2 3.5700000000000003E-2 5.45E-2 0.1111 21
38.59 -90.36 4.82E-2 8.3299999999999999E-2 6.5799999999999997E-2 0.12720000000000001 21
38.59 -90.36 6.7100000000000007E-2 8.48E-2 3.6400000000000002E-2 0.15759999999999999 21
38.59 -90.36 3.1300000000000001E-2 3.1300000000000001E-2 3.1300000000000001E-2 0.21879999999999999 21
38.59 -90.36 6.6699999999999995E-2 0.14169999999999999 5.8299999999999998E-2 0.2833 21
26.91 -99.27 0.21740000000000001 0.23910000000000001 0.30430000000000001 0.30430000000000001 21
26.91 -99.27 0.13639999999999999 0.18179999999999999 9.0899999999999995E-2 0.40910000000000002 21
35.4 -119.02 2.9000000000000001E-2 0.152 NA NA 21
44 -123.09 1.4E-2 6.6000000000000003E-2 NA NA 21
42.3 -122.86 0 5.0000000000000001E-3 NA NA 21
33.95 -83.36 0.41416932228193748 5.9412055630277953E-2 2.3250797265944364E-2 1.1927999945884442E-2 21
33.95 -83.36 0.42157748325468752 1.8789859644935254E-2 1.0004943220346363E-2 4.7501779635750002E-2 21
42.1111 -86.4483 0.13432789016060256 9.2618247723260053E-3 2.2258126331206846E-2 2.7801064246405091E-2 21
42.1111 -86.4483 0.16401365767149759 4.7351026869165695E-2 4.5901777633417257E-3 9.6292125984487695E-3 21
38 -78.47 0.21543514150275003 2.5594601236879153E-2 2.2708500679274545E-3 2.5104937004905556E-2 21
38 -78.47 0.19592906291387502 1.2660068722355762E-2 5.1543697755505455E-3 1.1244422494314999E-2 21
38 -78.47 0.30126295858031249 1.436180065441746E-2 3.0920866332103634E-3 1.6872307446932775E-2 21
38 -78.47 0.22340123652193747 1.8561578715169492E-2 4.509428985419818E-3 1.8738797714720559E-2 21
43.11 -89.65 0.11428966666506875 5.1230905834862721E-2 1.2053163564185274E-2 4.23280019943E-2 21
43.11 -89.65 0.10087350396265624 2.6207577395548139E-2 4.0854372010241816E-3 7.2666268220266658E-2 21
43.11 -89.65 0.11061306659629999 5.5885688479893565E-2 1.6694033012661643E-2 3.5071674788977221E-2 21
43.11 -89.65 0.182668209094 3.6500468885100515E-2 3.6256666002716363E-3 5.296873449277778E-2 21
38.68 -122.046 5.9893462153662501E-2 3.6022410864008474E-2 3.049776683350909E-3 3.4320203462155557E-2 21
38.68 -122.046 3.650511659952501E-2 2.7486981204213563E-2 1.41786697232E-3 2.5130991461799999E-2 21
38.68 -122.046 4.0306797870512501E-2 1.2623587570627119E-2 2.5613132428145453E-3 2.6411908381077778E-2 21
38.68 -122.046 5.9816516273643754E-2 1.8432302366227119E-2 1.9298504525781816E-3 5.0325806606238893E-2 21
38.68 -122.046 7.6167764964918741E-2 3.5193511183557624E-2 2.1559434406807267E-2 8.3611984695450003E-2 21
42.45 -71.67 0.201025358032875 5.1505411126097134E-2 2.9703656769896366E-3 1.5334666717147779E-2 21
42.45 -71.67 0.13004411375293751 5.8821263862667797E-2 1.3628526192509091E-3 1.5910918965677777E-2 21
39.88 -75.41 0.13591036446026875 7.6341348881828808E-2 1.1626618876218001E-2 2.6463808315555556E-2 21
39.88 -75.41 0.1853024519590625 8.4363775390740664E-2 1.7990088652087273E-3 8.2366267228377782E-2 21
39.88 -75.41 0.20054209569462503 5.3890618625613562E-2 1.5028424082381819E-3 5.3104964717516662E-2 21
39.88 -75.41 0.20641631597500001 8.4362366903206795E-2 1.1541874800880179E-2 2.1523228837100547E-2 21
39.88 -75.41 0.15641943006136252 4.9207293783977792E-2 8.8760445054200004E-4 3.3726471808031115E-2 21
46.49 30.71 0.25563828368293745 8.132688541523389E-2 2.9636939785645456E-2 5.4786141120244443E-2 21
46.49 30.71 0.16324210597312497 5.2148250493339002E-2 1.3801769446733999E-2 5.5332856091244997E-2 21
38.74 -120.74 3.6913790262087499E-2 2.3547438800640679E-2 2.6014349479136357E-3 2.3612661580647218E-2 21
38.74 -120.74 3.6173834086687499E-2 3.7533888866384743E-2 1.7698781086072726E-3 1.2331824383655555E-2 21
38.74 -120.74 7.4621650675918749E-2 3.7200501506796615E-2 2.9530982778872734E-3 2.7651401791611113E-2 21
38.74 -120.74 5.0262681902675001E-2 2.9929634525491529E-2 2.2589531680436365E-3 4.1413154274872216E-2 21
47.6062 -122.3321 7.4764248739999997E-2 3.2087473381094578E-2 3.3904439278387272E-3 1.851373764447389E-2 21
40.793395 -77.860001 0.22147404691806247 0.11568014519083726 5.7372737286327255E-3 5.7177269556599998E-2 21
40.793395 -77.860001 0.14203832334916874 3.6217071195181021E-2 2.9601033559945454E-3 7.0552283382794442E-2 21
40.793395 -77.860001 0.20657009624556252 5.0953322820039844E-2 9.0482897900918211E-3 4.4493580960816667E-2 21
38.02 -121.2 6.1358629293375008E-3 1.1666987673338982E-2 7.9591921963800012E-3 2.2257834757833331E-3 21
38.02 -121.2 4.5317903773812503E-3 1.0875706214689831E-2 2.4450961225145457E-3 2.2759058931927777E-2 21
38.02 -121.2 4.0951194424668755E-2 2.7397725639829833E-2 4.6779470326181819E-4 0 21
46.53 -80.96 0.13503950249509375 1.8530870605433222E-2 2.4029119224547269E-3 2.2512420080086668E-2 21
46.53 -80.96 0.12972776430655 3.5128098108044063E-2 2.4113043471727276E-3 3.2463152905955556E-2 21
39.0913433 -95.6246509 0.19779962357043748 8.018972459892712E-2 5.4262726514836363E-3 7.0391261125155563E-2 21
39.202831 -95.741527 0.2206839202319375 2.1021322095962375E-2 9.5221462178801813E-3 0.10883917065726667 21
37.97 -120.26 7.1727598944243742E-2 1.9271715856598304E-2 2.3287419651054544E-3 1.2243558898466666E-2 21
37.97 -120.26 7.1806347076862509E-2 4.2651375614817785E-2 2.2484844518745454E-3 2.0118326608995003E-2 21
37.97 -120.26 1.6231317514918749E-2 2.1642254452611528E-2 3.7496984544472729E-3 1.4240171879294446E-2 21
37.97 -120.26 7.0958557301075004E-2 1.8128036302136778E-2 4.5973512960470909E-3 6.0131161169283347E-2 21
37.97 -120.26 4.5081599764137496E-2 2.0946477776832211E-2 6.7284663382527277E-3 1.9227464053105554E-2 21
40.11 -88.21 0.18362881980675 4.6360326890825261E-2 3.4367742882290913E-3 2.7497936580367224E-2 21
