Sample	Group	Coverage_mean_Global	Coverage_std_Global	GC_percentage_Global	Mapping_quality_mean_Global	Insert_size_median_Global	coverage_across_reference_Dmel	coverage_across_reference_Holo	insert_size_across_reference_Dmel	insert_size_across_reference_Holo	mapping_quality_across_reference_Dmel	mapping_quality_across_reference_Holo	UNPAIRED_READ_DUPLICATES	READ_PAIR_DUPLICATES	READ_PAIR_OPTICAL_DUPLICATES	PERCENT_DUPLICATION
CH_Ors_23_Aug_2020	BAD	16.0517	31.9411	44.51	1.8559	503	36.9094670243714	0.0576275551912849	543.975806164741	0.591554231399293	56.6038192740796	0.0513405203076772	2285990	9573243	241251	0.371876
CH_Vul_15_Sep_2020	REG	16.4964	28.2244	44.79	1.8551	452	37.9046211968405	0.0335810725602999	483.769515471508	0.518385989081205	56.574542355858	0.0515455707296491	2339963	5213934	228312	0.260793
CH_Vul_24_Sep_2019	REG	16.9356	26.667	44.45	1.8533	430	38.8983883765553	0.0372201573831668	458.308564687277	0.489130945217023	56.5191296107771	0.0514282350782649	2965276	4814364	182801	0.253085
DE_Bro_16_Jul_2020	BAD	5.3463	16.7413	43.82	1.8333	561	12.3804876722474	0.0206932989624544	590.746159859635	0.626307692635295	55.9239422717621	0.0504442767059357	927418	14564006	621701	0.538439
DE_Bro_20_Oct_2021	REG	14.3118	23.3479	44.99	1.8521	467	32.9540106673056	0.0181337477213617	490.75213231107	0.510111044684469	56.4975615243848	0.0509298071528201	1878030	5951831	194223	0.299401
DE_Bro_22_Jul_2021	REG	16.0341	24.2282	44.02	1.8609	489	36.9787671203824	0.0367189317165629	519.883548490564	0.558317309389975	56.7486504848122	0.0517571468256362	1464276	5446563	231651	0.261051
DE_Bro_3_Jul_2019	REG	20.3704	30.3901	43.97	1.8604	449	46.9647874060777	0.0732056686518408	481.276570203281	0.519094776121339	56.7317735465022	0.0517973065971242	3794891	7967093	381896	0.310869
DE_Mun_20_Jun_2017	BAD	13.8199	24.9894	42.66	1.8615	554	31.9443973030478	0.0803759821151263	582.659798743841	0.624951171604884	56.7698874785878	0.0517091790741187	1162900	11549104	782594	0.434702
DE_Mun_22_Jun_2019	REG	16.452	25.3565	44.14	1.8591	468	37.8286065213305	0.0658961068862886	500.242524453232	0.539766680031077	56.7081099729305	0.0512111806802861	1876369	4153223	181496	0.224138
DE_Mun_2_Sep_2019	REG	18.8194	28.7987	44.52	1.8587	465	43.3507322624293	0.0384585734735795	498.977698944438	0.537371380077866	56.6897618016168	0.051460530213239	2572077	4694810	214717	0.228865
DE_Mun_5_Sep_2020	REG	17.5304	26.8806	44.61	1.8583	464	40.2830417481001	0.032030806373464	496.885556646344	0.538557571104015	56.6774305131309	0.0513790154781796	1939461	3982032	166715	0.208469
DE_Mun_9_Sep_2018	BAD	13.0145	23.4602	43.11	1.8578	512	30.0804305571531	0.0754181653218927	547.818907902066	0.604565535849646	56.6574585002785	0.0515302406964991	2093488	12582306	823088	0.475605
DE_Wal_2_Oct_2020	BAD	10.4594	26.0516	43.59	1.8501	540	24.1186122840015	0.0171653677272453	573.547496728108	0.603268996000637	56.4395315984258	0.0507448438085315	1375843	11232960	541123	0.423951
DE_Wue_18_Jul_2020	REG	12.8554	23.3068	44.48	1.8436	406	29.5792655099793	0.0457502770982502	433.250745768851	0.458075657696982	56.2183615343591	0.0513380938379499	3304645	4752351	138741	0.315421
DE_Wue_23_Sep_2020	REG	17.7338	26.3142	43.81	1.8595	460	40.8204233754937	0.0333785762502144	494.075476981772	0.531759435482244	56.7115873323911	0.0515688287093556	2517402	4211607	167161	0.223003
ES_Gim_31_Aug_2021	BAD	2.9475	9.5877	43.39	1.7837	519	6.82965899713166	0.0313439730723986	560.018458489555	0.569647704977864	54.3853968453178	0.049951122001163	2123845	6756585	187393	0.301855
FI_Aka_18_Jul_2019	REG	13.011	22.2814	43.9	1.8582	499	30.0291295407337	0.0359499378899498	527.716851232072	0.551888271905409	56.6795323583146	0.0512559558583255	1312138	6095358	233297	0.319348
FR_Sai_10_Jun_2021	REG	14.1534	25.7067	44.74	1.8554	462	32.4910847197626	0.0427938173429233	490.26282518303	0.522681706448889	56.5855053608561	0.05147077967785	1759702	7100691	255533	0.338339
FR_Vie_03_Aug_2020	REG	18.4143	27.4437	44.15	1.8579	453	42.3957804872125	0.0292780573428217	484.375787386188	0.525819328703713	56.6579574469838	0.0516860019906113	2320651	4241122	182018	0.214189
FR_Vie_11_Aug_2021	REG	18.46	29.2536	44.7	1.8575	464	42.4423543254366	0.0215352303974705	494.71821858497	0.532560063408259	56.6530532186832	0.0513726169065763	2325756	5524492	230902	0.25031
GB_Ken_16_Sept_2019	REG	13.4864	24.5962	44.21	1.8571	486	31.0342301301506	0.0176725764974409	515.620177429069	0.538529807928312	56.6457419972282	0.0511969726694553	1264328	5740614	199020	0.298597
GR_Her_13_July_2020	BAD	7.0291	17.9729	44.23	1.8538	487	16.2206376712366	0.0168621587229586	521.18555328431	0.549948122541276	56.5406523230699	0.0513030133960168	1031472	5827621	397516	0.426762
HU_Pil_17_Aug_2020	REG	15.7027	24.0845	44.01	1.8567	457	36.1418377035787	0.03231681316816	491.177378419892	0.529452321793956	56.6304088633515	0.0513573326101304	2011504	4203405	172524	0.211625
HU_Pil_4_Jul_2018	REG	21.7934	31.5897	43.98	1.862	457	50.3316048847509	0.0560974814996415	487.586719416243	0.518462284199695	56.8018267020859	0.0511724878050291	3172633	6213432	285852	0.25181
MA_Lar_6_Sep_2021	BAD	0.4984	9.4227	45.41	1.3131	492	1.17855451697266	0.00135189352781003	535.055781745033	0.564847710980251	39.7833119434947	0.0450814985206083	2735728	9233013	216002	0.371872
NL_Gro_9_Oct_2019	BAD	17.8355	29.596	44.29	1.8582	484	41.0617596804704	0.0371159199843165	518.600894858256	0.556575175421269	56.6757488387829	0.0513609860486608	2474835	8926268	230041	0.343489
RS_Sla_28_Jun_2017	REG	15.7603	25.2445	44.39	1.8589	474	36.2620855650245	0.023642367185795	504.189141862438	0.532817041820722	56.6941537400089	0.0515013912900618	1624718	5087972	170048	0.257578
RS_Sla_28_Sep_2017	BAD	12.7675	28.8186	43.67	1.8592	570	29.4050901889621	0.053345997883932	598.320545786949	0.615473953242131	56.7173223400684	0.0510183848188442	1126033	14310414	726088	0.501009
RU_Ale_12_Oct_2018	REG	13.983	22.3277	44.13	1.8589	484	32.2724959921521	0.0324583432604579	510.10613804285	0.530306993530274	56.7014047744888	0.0512885944279653	1664069	6057876	245756	0.30969
RU_Ale_15_Aug_2017	REG	14.1423	25.4207	44.3	1.8558	496	32.5577394787984	0.0247934958940472	526.201426478665	0.547773210858123	56.6109590473334	0.0510549407452492	1401387	6542507	226166	0.315622
RU_Val_1_Oct_2017	BAD	13.2527	27.2874	43.84	1.8576	554	30.5582331652879	0.0457856015540773	585.166040455154	0.62498473221522	56.6630518622444	0.0511798751666362	1125511	11324652	562372	0.43875
TR_Yes_14_Oct_2020	BAD	14.913	28.8851	43.4	1.8599	503	34.4683624532787	0.0971517882142022	542.7640537154	0.558475755733089	56.725864606108	0.0514747654006485	1493013	5531382	169215	0.273032
UA_Kha_24_Sept_2018	REG	18.92	28.2106	44.43	1.8544	420	43.6383520637542	0.038939186324568	450.690708722883	0.489762999343901	56.5396482534974	0.0519009925638556	4394324	5274763	250961	0.270776
UA_Kop_6_Sep_2019	REG	16.4069	25.3867	44	1.8611	495	37.7947813369447	0.0385737454070232	526.587816312596	0.561989912333201	56.7647356912382	0.0514309286983104	1490836	6478191	260521	0.288357
UA_Lut_28_Aug_2019	REG	14.399	21.5679	43.6	1.8597	451	33.1629353216308	0.0567020883436238	486.915095911966	0.526876661597673	56.7097582959203	0.0517844166211843	1947424	4021391	146830	0.244129
UA_Ode_15_Jun_2019	BAD	5.9364	15.7364	42.82	1.8566	428	13.7277910875465	0.0366248854104305	462.016365351524	0.4878725452346	56.6270599425034	0.0513207072670255	1124897	4133796	284251	0.414248
UA_Ode_15_Sep_2018	REG	18.6922	29.0227	44.1	1.8574	456	43.0027960243858	0.0676963246509683	491.107372653932	0.530060899954444	56.6461706694852	0.0515054994839976	3061914	6176771	238387	0.273643
UA_Ode_23_Sep_2017	BAD	13.1743	26.694	43.8	1.8589	566	30.4737496782463	0.0212138690086905	594.604845739218	0.623712012719225	56.7025684127287	0.0511821872889581	1106238	12146418	592950	0.455372
UA_Ode_30_Jun_2018	REG	16.2073	25.4132	44.37	1.8598	466	37.2632545494679	0.0305161865740357	500.091422031681	0.537993499830275	56.7250965205873	0.0513455482389376	1891758	4185444	153566	0.22745
UA_Pyr_25_Aug_2019	REG	15.4697	24.3186	43.96	1.8616	501	35.6149034649484	0.0470579625563942	534.167746899646	0.570956806657153	56.779799429145	0.0514074029136399	1277952	6643619	209617	0.301752
UA_Pyr_6_Sep_2019	REG	16.1779	25.8202	44.17	1.8598	490	37.2612554207942	0.0531038882923318	521.761207673036	0.559102294057613	56.7223236065297	0.0514426762912781	1577255	8072339	274896	0.334525
UA_Uma_14_Oct_2019	BAD	12.7288	21.6779	43.62	1.8563	460	29.3814313483675	0.0894516603222406	494.845920760404	0.520039949114856	56.6228102695818	0.0511911943857457	2620201	9774282	553245	0.426254
UA_Uma_19_Aug_2020	REG	13.8746	22.5326	44.39	1.8569	472	31.9455751272692	0.0245742670947076	508.355764575811	0.54364606289793	56.6340070953561	0.0514119554956622	1930820	5074705	225118	0.249853
UA_Uma_22_Sep_2018	REG	12.2503	18.355	44.13	1.8538	416	28.206746443066	0.0448446723749302	445.580219931831	0.480659694900005	56.5239626215075	0.0518266260819652	2450164	3436444	155379	0.265083
UA_Uma_27_Sep_2020	BAD	8.2792	33.8798	44.32	1.8554	531	19.1397520567359	0.0518715964699948	563.095392114156	0.602007099144813	56.6042333065981	0.0508071320173119	986759	9281709	459012	0.498889
UA_Uma_7_Oct_2017	REG	11.4053	23.0397	44.25	1.8503	435	26.2895343125182	0.0515652181421788	458.565693598767	0.484615134872599	56.4238199291056	0.0514596879566757	1709090	5035383	140791	0.318296
UA_Vys_18_Aug_2020	REG	17.7381	28.7735	44.08	1.8592	466	40.8079662433888	0.0709683948993098	496.181252592274	0.531007788137316	56.7071567945562	0.0513639972283821	2166533	5104078	217345	0.244154
UA_Vys_21_Sep_2020	BAD	5.9793	23.028	44.6	1.8538	536	13.8125282638404	0.0228448322924764	570.887214252084	0.6159246982284	56.5465173846731	0.0510452069611918	557652	4717196	328384	0.414921
UA_Vys_3_Sep_2017	BAD	12.0335	29.58	42.91	1.8579	569	27.8459398937215	0.152570140667874	594.863543487358	0.629395595432351	56.6711212765348	0.0512047392347638	900652	11687489	703832	0.460683
UA_Zap_17_June_2019	BAD	8.4886	18.2995	43.79	1.858	476	19.6061123916188	0.0377659560619174	513.637782810806	0.539712614108817	56.6721163699598	0.0513182411891812	1181280	5583777	427482	0.393133
VA_ch_14_Aug_2019	REG	15.6158	23.3933	43.54	1.8591	466	35.9584858564548	0.0331173016795731	494.824043812269	0.533263402613141	56.7043813227979	0.051344755989634	1823701	5061364	226954	0.25563
VA_ch_21_Aug_2020	BAD	2	19.8968	42.37	1.7824	458	4.9366422139913	0.00481292172206001	490.630336910334	0.404120968739004	54.3419437381583	0.0500082781006076	2023048	7588512	118231	0.495917
VA_ch_30_Sep_2020	BAD	1.4337	14.0508	42.33	1.7406	487	3.46478447979354	0.00403610976928065	524.630198343047	0.466585764475101	53.0469796624195	0.0495118360682908	1659273	11638607	555125	0.551654
VA_ch_6_Sep_2019	BAD	8.1126	36.0285	42.55	1.8473	483	19.0208897995696	0.0126767984405484	523.247344341051	0.532170198729827	56.3581563175774	0.0506076081327105	1658582	11556781	194353	0.550512
