chrom	start	end	nSites	recombRate
2L	0	59700	201	4.781725930999023e-09
2L	59700	119400	244	9.16151615460057e-10
2L	119400	179100	261	9.973684614884284e-11
2L	179100	238800	207	1.6232653344339102e-09
2L	238800	298500	379	1.1418865001165744e-08
2L	298500	358200	429	1.3214970530011587e-08
2L	358200	417900	454	1.054179749928717e-08
2L	417900	477600	391	1.110059694299978e-08
2L	477600	537300	877	3.2983248498495765e-09
2L	537300	597000	1160	5.900008827463499e-09
2L	597000	656700	999	1.0820563193060287e-08
2L	656700	716400	832	4.09391609274395e-09
2L	716400	776100	1201	6.270351987601066e-09
2L	776100	835800	1026	1.016575538699e-08
2L	835800	895500	1287	3.745518503407818e-09
2L	895500	955200	1302	9.588489945552514e-09
2L	955200	1014900	1032	1.3522243901009568e-08
2L	1014900	1074600	1417	7.914363782372684e-09
2L	1074600	1134300	1353	1.0110347846891172e-08
2L	1134300	1194000	1164	4.683326344922822e-09
2L	1194000	1253700	1238	2.2782595863178526e-09
2L	1253700	1313400	1383	2.252466545033282e-08
2L	1313400	1373100	1350	1.90916201899562e-09
2L	1373100	1432800	1164	5.49843262403578e-09
2L	1432800	1492500	1283	9.307510488534113e-09
2L	1492500	1552200	1164	0
2L	1552200	1611900	1086	8.022759036827965e-10
2L	1611900	1671600	1284	4.8055977341523925e-09
2L	1671600	1731300	1109	1.1125208913570015e-08
2L	1731300	1791000	1465	2.46281847848694e-09
2L	1791000	1850700	1470	3.3708286848434365e-09
2L	1850700	1910400	1212	8.99033920348282e-09
2L	1910400	1970100	1418	2.1299142515989178e-08
2L	1970100	2029800	1396	4.424511476378524e-09
2L	2029800	2089500	1070	8.244931086818453e-09
2L	2089500	2149200	733	4.334381772988793e-09
2L	2149200	2208900	858	1.3185063386016746e-08
2L	2208900	2268600	974	1.8545109322431648e-09
2L	2268600	2328300	1097	2.094189272033951e-09
2L	2328300	2388000	1178	2.3965156515484922e-09
2L	2388000	2447700	1099	2.524833051711281e-09
2L	2447700	2507400	947	4.344964257665138e-09
2L	2507400	2567100	1348	5.487840030851466e-09
2L	2567100	2626800	1145	5.5384915179507185e-09
2L	2626800	2686500	1265	6.561872372096384e-09
2L	2686500	2746200	1391	9.480626549681906e-09
2L	2746200	2805900	940	4.012443764846183e-09
2L	2805900	2865600	1518	1.1245766349115007e-08
2L	2865600	2925300	1167	1.5610569758329634e-08
2L	2925300	2985000	852	5.523564621182662e-09
2L	2985000	3044700	866	3.845329911097071e-09
2L	3044700	3104400	1039	5.488816063454282e-09
2L	3104400	3164100	1426	2.4150456698238426e-09
2L	3164100	3223800	1026	7.68343154831048e-09
2L	3223800	3283500	1373	8.349141941809473e-09
2L	3283500	3343200	1191	8.713760316933738e-09
2L	3343200	3402900	1564	2.164749405545567e-08
2L	3402900	3462600	1672	5.294198082688152e-09
2L	3462600	3522300	1573	1.202716243890155e-08
2L	3522300	3582000	1425	1.638099035131879e-08
2L	3582000	3641700	1513	1.7765888348257053e-08
2L	3641700	3701400	1427	1.8182957244107223e-08
2L	3701400	3761100	1148	2.9188357363348614e-09
2L	3761100	3820800	1457	4.467356948990343e-09
2L	3820800	3880500	1594	2.027084499588398e-08
2L	3880500	3940200	1373	5.5976476297548414e-09
2L	3940200	3999900	1314	1.9241315961306577e-09
2L	3999900	4059600	1505	1.0124848501573191e-08
2L	4059600	4119300	1176	4.486038594885233e-09
2L	4119300	4179000	1436	6.865973356343321e-09
2L	4179000	4238700	1689	6.217433948381577e-09
2L	4238700	4298400	1428	1.409939351579324e-08
2L	4298400	4358100	1387	8.014436888101588e-09
2L	4358100	4417800	1313	5.519195499404803e-09
2L	4417800	4477500	1375	9.749764451198004e-09
2L	4477500	4537200	838	6.6929112072380295e-09
2L	4537200	4596900	850	3.0356900884604205e-09
2L	4596900	4656600	950	5.728601104162523e-09
2L	4656600	4716300	1311	0
2L	4716300	4776000	1355	2.4611101406401214e-09
2L	4776000	4835700	1350	1.8414619716223e-09
2L	4835700	4895400	1159	4.128595014084095e-09
2L	4895400	4955100	1061	1.033881641292774e-08
2L	4955100	5014800	860	3.2628102918506314e-09
2L	5014800	5074500	814	3.1005148269002394e-09
2L	5074500	5134200	1386	4.005345345916602e-09
2L	5134200	5193900	987	1.673242921001875e-09
2L	5193900	5253600	1148	0
2L	5253600	5313300	1151	3.4706805265645654e-09
2L	5313300	5373000	1143	1.0580419726555088e-10
2L	5373000	5432700	1511	2.0987178836042154e-09
2L	5432700	5492400	1403	6.103888447864649e-09
2L	5492400	5552100	1422	5.17356764125227e-09
2L	5552100	5611800	1257	3.6085538362610366e-09
2L	5611800	5671500	1504	9.958129441218659e-09
2L	5671500	5731200	1228	1.8661177457270698e-09
2L	5731200	5790900	1256	4.4780079468873695e-09
2L	5790900	5850600	1184	2.5815170717331253e-09
2L	5850600	5910300	1719	8.895363032105567e-09
2L	5910300	5970000	1466	4.253510339731426e-09
2L	5970000	6029700	1328	3.3619826172027114e-09
2L	6029700	6089400	1102	7.174610291498353e-10
2L	6089400	6149100	1580	4.63789758694106e-09
2L	6149100	6208800	1137	7.450822425092916e-09
2L	6208800	6268500	1489	2.4692407505501267e-09
2L	6268500	6328200	1394	9.76115224700924e-09
2L	6328200	6387900	1247	1.7424772152514286e-09
2L	6387900	6447600	1038	2.609600753207053e-09
2L	6447600	6507300	1320	1.646724935095642e-09
2L	6507300	6567000	1337	3.49950437545536e-09
2L	6567000	6626700	1493	6.860277773686375e-09
2L	6626700	6686400	714	1.5289973589470287e-10
2L	6686400	6746100	1413	1.3166102632985147e-08
2L	6746100	6805800	1611	4.446384041289068e-09
2L	6805800	6865500	1518	8.469725210208166e-09
2L	6865500	6925200	876	2.5341890374206802e-09
2L	6925200	6984900	1135	4.103205811567772e-09
2L	6984900	7044600	1204	6.964962605384401e-09
2L	7044600	7104300	1491	4.568274676718462e-09
2L	7104300	7164000	1459	1.3745028154813447e-09
2L	7164000	7223700	1532	9.644484902281114e-09
2L	7223700	7283400	1408	6.611128885095868e-09
2L	7283400	7343100	1081	6.624084622809905e-09
2L	7343100	7402800	1361	3.709130121053302e-09
2L	7402800	7462500	1446	7.865523964535046e-09
2L	7462500	7522200	1298	3.829291078452386e-09
2L	7522200	7581900	1194	2.4811395875975904e-09
2L	7581900	7641600	1490	9.902956643138232e-09
2L	7641600	7701300	1333	1.2074338884343175e-09
2L	7701300	7761000	1133	2.8731812216751183e-09
2L	7761000	7820700	1129	1.6876059876587532e-09
2L	7820700	7880400	985	3.5123427809089183e-10
2L	7880400	7940100	993	2.4986082125361593e-09
2L	7940100	7999800	942	4.0844455439442315e-09
2L	7999800	8059500	1143	6.1078094257892e-09
2L	8059500	8119200	933	5.905785278184201e-09
2L	8119200	8178900	1459	1.6593358603711679e-09
2L	8178900	8238600	1221	2.1233286709736488e-08
2L	8238600	8298300	1278	1.1462310806834186e-08
2L	8298300	8358000	1585	1.0963405396007464e-08
2L	8358000	8417700	1008	1.852392638239812e-09
2L	8417700	8477400	1000	4.332765534881251e-09
2L	8477400	8537100	960	4.595323398041828e-10
2L	8537100	8596800	1141	3.646960550706764e-09
2L	8596800	8656500	1078	3.6596826695699517e-09
2L	8656500	8716200	1199	1.0145658027144362e-09
2L	8716200	8775900	1267	6.4707542812607625e-09
2L	8775900	8835600	1289	3.747522234320852e-09
2L	8835600	8895300	1386	1.916025467398417e-08
2L	8895300	8955000	1184	1.1913702860702361e-08
2L	8955000	9014700	1458	1.579148818367032e-08
2L	9014700	9074400	1258	8.60000590725211e-09
2L	9074400	9134100	1641	3.958974250358588e-09
2L	9134100	9193800	1521	2.447730908725674e-08
2L	9193800	9253500	1134	7.501909701202404e-09
2L	9253500	9313200	1402	3.442427246790263e-09
2L	9313200	9372900	1532	1.7217958147936447e-08
2L	9372900	9432600	1331	6.93888490115861e-09
2L	9432600	9492300	1328	1.090450087373502e-08
2L	9492300	9552000	1344	4.563525924307978e-09
2L	9552000	9611700	1343	1.5439663357495513e-09
2L	9611700	9671400	1659	5.843361871970877e-09
2L	9671400	9731100	1171	4.363694199764772e-09
2L	9731100	9790800	1160	3.689935187587079e-09
2L	9790800	9850500	1163	8.353037648464101e-09
2L	9850500	9910200	1098	8.399185795263014e-09
2L	9910200	9969900	1459	5.900825370273911e-09
2L	9969900	10029600	1323	6.1753746930562615e-09
2L	10029600	10089300	1510	2.1178946178812202e-08
2L	10089300	10149000	1253	1.2146441709772198e-08
2L	10149000	10208700	1293	8.75556236688961e-09
2L	10208700	10268400	959	3.527283678522656e-09
2L	10268400	10328100	1080	5.336029335000381e-09
2L	10328100	10387800	1217	7.223220944406609e-09
2L	10387800	10447500	1189	8.664098940780445e-10
2L	10447500	10507200	1658	1.97247292025459e-08
2L	10507200	10566900	1592	6.96693264127087e-09
2L	10566900	10626600	1130	1.6581992148083938e-09
2L	10626600	10686300	1337	4.576625427468688e-09
2L	10686300	10746000	1260	8.53791945130443e-09
2L	10746000	10805700	1185	2.511058524851729e-09
2L	10805700	10865400	1371	1.4866042415620068e-08
2L	10865400	10925100	1165	1.4576733267243042e-08
2L	10925100	10984800	1136	5.312281080277748e-09
2L	10984800	11044500	929	2.3094521955761285e-09
2L	11044500	11104200	1057	8.58197794487257e-09
2L	11104200	11163900	984	3.3790513944927174e-09
2L	11163900	11223600	1271	9.317411810838798e-10
2L	11223600	11283300	831	9.717721042518975e-09
2L	11283300	11343000	1219	1.3985168358511317e-08
2L	11343000	11402700	1410	1.4498559963237824e-08
2L	11402700	11462400	1223	1.4089429054062463e-08
2L	11462400	11522100	1325	1.909948236282124e-09
2L	11522100	11581800	910	8.159018877587042e-09
2L	11581800	11641500	1159	1.062828312430269e-09
2L	11641500	11701200	1274	5.974902763008332e-09
2L	11701200	11760900	745	3.908979816277342e-09
2L	11760900	11820600	813	3.3274800331682532e-09
2L	11820600	11880300	1366	2.2184711311818702e-09
2L	11880300	11940000	1365	1.2335040074042585e-08
2L	11940000	11999700	824	5.769554039448973e-09
2L	11999700	12059400	820	4.312779891458316e-09
2L	12059400	12119100	1282	1.5836051649999859e-09
2L	12119100	12178800	1626	4.288443096938357e-09
2L	12178800	12238500	1245	4.797753531968187e-09
2L	12238500	12298200	1297	3.6465562103879892e-09
2L	12298200	12357900	1290	9.94073663008986e-09
2L	12357900	12417600	1237	9.249698246706134e-09
2L	12417600	12477300	1157	7.068871328303893e-09
2L	12477300	12537000	1165	5.415950568508631e-09
2L	12537000	12596700	1020	1.0646200415929607e-08
2L	12596700	12656400	1244	5.478079704823292e-09
2L	12656400	12716100	1206	1.1288222682918752e-09
2L	12716100	12775800	937	4.5867653841294874e-09
2L	12775800	12835500	759	5.0972214500625096e-09
2L	12835500	12895200	921	4.841701955116216e-09
2L	12895200	12954900	650	4.870471891964506e-09
2L	12954900	13014600	723	2.882215981464603e-09
2L	13014600	13074300	843	2.4974929071568766e-09
2L	13074300	13134000	1101	4.783169201303534e-09
2L	13134000	13193700	763	1.2242039554389563e-08
2L	13193700	13253400	755	4.304651527883416e-09
2L	13253400	13313100	1088	3.282209641811346e-09
2L	13313100	13372800	1050	4.741215523728121e-09
2L	13372800	13432500	762	4.789367963023843e-09
2L	13432500	13492200	866	1.5701563567305564e-09
2L	13492200	13551900	761	2.387818965192205e-09
2L	13551900	13611600	885	1.538485278095064e-09
2L	13611600	13671300	793	5.838268307121881e-09
2L	13671300	13731000	1091	8.097399659341057e-09
2L	13731000	13790700	937	3.3102203173943843e-09
2L	13790700	13850400	1002	4.469617885272819e-09
2L	13850400	13910100	959	4.3207734749269596e-09
2L	13910100	13969800	1334	1.8583207165800533e-09
2L	13969800	14029500	1261	2.1804462937038737e-09
2L	14029500	14089200	1084	5.8394150611926265e-09
2L	14089200	14148900	816	4.5163506407826245e-09
2L	14148900	14208600	1006	5.464939767630704e-09
2L	14208600	14268300	1172	3.113296473643691e-09
2L	14268300	14328000	1059	0
2L	14328000	14387700	1310	3.6810554249197915e-09
2L	14387700	14447400	1132	4.228449102140329e-09
2L	14447400	14507100	1055	4.4453552198113e-09
2L	14507100	14566800	1038	1.3372720574627165e-09
2L	14566800	14626500	848	5.6898563162836e-09
2L	14626500	14686200	689	5.709651021222669e-09
2L	14686200	14745900	765	2.3488630218134768e-09
2L	14745900	14805600	1087	1.5895163958269443e-09
2L	14805600	14865300	813	2.0911477343027328e-09
2L	14865300	14925000	967	1.3903217842028222e-08
2L	14925000	14984700	925	2.325513491571856e-09
2L	14984700	15044400	931	7.086553916661146e-09
2L	15044400	15104100	1017	1.8014243718971965e-08
2L	15104100	15163800	1122	3.814752797657372e-09
2L	15163800	15223500	917	3.3639358055758994e-09
2L	15223500	15283200	962	5.345294344138055e-09
2L	15283200	15342900	1235	2.3295187070628192e-09
2L	15342900	15402600	1019	7.193131324433275e-10
2L	15402600	15462300	1007	3.958225097601304e-09
2L	15462300	15522000	1037	3.3511833611888017e-09
2L	15522000	15581700	954	2.4517193367366056e-09
2L	15581700	15641400	933	6.105309254818118e-09
2L	15641400	15701100	159	5.6509610239526884e-09
2L	15701100	15760800	717	8.117521206037801e-09
2L	15760800	15820500	1121	5.749581874036663e-09
2L	15820500	15880200	842	3.277831534693069e-09
2L	15880200	15939900	654	4.7805466050692665e-09
2L	15939900	15999600	632	3.1254671172387764e-09
2L	15999600	16059300	832	5.004661212089928e-09
2L	16059300	16119000	848	4.3557668831817055e-09
2L	16119000	16178700	882	7.027484850342314e-09
2L	16178700	16238400	992	3.151553806804984e-09
2L	16238400	16298100	801	4.822313836831023e-09
2L	16298100	16357800	953	2.3967548862371005e-09
2L	16357800	16417500	1477	1.0293069798528721e-08
2L	16417500	16477200	1155	2.385921935196625e-09
2L	16477200	16536900	916	6.136737729262344e-09
2L	16536900	16596600	1024	8.524115722088521e-09
2L	16596600	16656300	907	4.561725486721883e-09
2L	16656300	16716000	717	3.2912533869412476e-09
2L	16716000	16775700	748	2.310202471500965e-09
2L	16775700	16835400	748	7.498617135523278e-09
2L	16835400	16895100	943	1.7963038970206072e-09
2L	16895100	16954800	904	2.8120831531733294e-09
2L	16954800	17014500	683	5.550871070710502e-09
2L	17014500	17074200	891	3.1516885869112406e-09
2L	17074200	17133900	799	2.915607752789987e-09
2L	17133900	17193600	765	2.0600977673235795e-09
2L	17193600	17253300	866	4.6942873370642405e-09
2L	17253300	17313000	890	2.07898270654541e-09
2L	17313000	17372700	917	9.861429246397589e-10
2L	17372700	17432400	1049	2.7805333766334716e-09
2L	17432400	17492100	749	1.2039128385210255e-08
2L	17492100	17551800	1080	6.686411436613745e-09
2L	17551800	17611500	997	3.508017985500647e-09
2L	17611500	17671200	762	8.877485574178015e-09
2L	17671200	17730900	715	1.5136071168149689e-09
2L	17730900	17790600	986	3.0610298716044493e-09
2L	17790600	17850300	810	4.002513840517636e-09
2L	17850300	17910000	946	1.500477522928582e-08
2L	17910000	17969700	696	1.059335650576856e-08
2L	17969700	18029400	599	2.5985914648608906e-09
2L	18029400	18089100	605	7.821863072280367e-09
2L	18089100	18148800	650	5.469351569775544e-09
2L	18148800	18208500	768	3.0272371294629482e-09
2L	18208500	18268200	745	2.7835816533700034e-09
2L	18268200	18327900	938	4.236269717805942e-09
2L	18327900	18387600	838	4.889740954489171e-09
2L	18387600	18447300	818	8.57852588940104e-09
2L	18447300	18507000	889	1.5811049940289022e-09
2L	18507000	18566700	867	3.805208119799212e-09
2L	18566700	18626400	1106	4.760081369101564e-09
2L	18626400	18686100	884	3.5498020647756867e-09
2L	18686100	18745800	520	3.1007271055675953e-09
2L	18745800	18805500	740	3.0753334103810636e-09
2L	18805500	18865200	760	5.2363684317631165e-09
2L	18865200	18924900	948	1.7653146333727745e-08
2L	18924900	18984600	790	4.529720827323404e-09
2L	18984600	19044300	581	5.678182112746565e-09
2L	19044300	19104000	721	2.7899971864278765e-09
2L	19104000	19163700	731	2.0795813548507054e-09
2L	19163700	19223400	887	5.97933478216911e-09
2L	19223400	19283100	1014	1.11553873025287e-08
2L	19283100	19342800	1012	5.894097596636541e-09
2L	19342800	19402500	963	1.0423077565857493e-08
2L	19402500	19462200	760	4.950477363039168e-09
2L	19462200	19521900	510	5.152493648471302e-09
2L	19521900	19581600	615	3.793922532235221e-09
2L	19581600	19641300	799	6.9186678852199325e-09
2L	19641300	19701000	643	1.5418654118693972e-08
2L	19701000	19760700	603	3.0356811031200036e-09
2L	19760700	19820400	1105	1.3237109004840103e-08
2L	19820400	19880100	1028	1.8605100891749893e-08
2L	19880100	19939800	1482	6.129084465562003e-09
2L	19939800	19999500	1051	7.092947547951754e-09
2L	19999500	20059200	909	3.2047852097715216e-09
2L	20059200	20118900	828	1.863616742545044e-08
2L	20118900	20178600	492	1.324125096598054e-08
2L	20178600	20238300	197	5.6235804453664046e-09
2L	20238300	20298000	680	5.9675550008821746e-09
2L	20298000	20357700	700	5.463853664607775e-09
2L	20357700	20417400	778	9.675485449887972e-09
2L	20417400	20477100	603	9.674934536203644e-09
2L	20477100	20536800	912	1.2452964804845342e-08
2L	20536800	20596500	560	4.781349669869053e-09
2L	20596500	20656200	696	7.338866206662279e-09
2L	20656200	20715900	630	7.546669051323085e-09
2L	20715900	20775600	442	1.6939780362178908e-08
2L	20775600	20835300	724	7.541364330974286e-09
2L	20835300	20895000	703	1.2643981348855507e-08
2L	20895000	20954700	551	1.1318102832143597e-08
2L	20954700	21014400	493	1.2139590949287866e-08
2L	21014400	21074100	361	6.737140422274096e-09
2L	21074100	21133800	409	1.5553506950050828e-08
2L	21133800	21193500	312	9.410027045272715e-09
2L	21193500	21253200	295	0
2L	21253200	21312900	282	5.550073621748476e-09
2L	21312900	21372600	260	5.406896714870759e-09
2L	21372600	21432300	129	1.406376064276222e-09
2L	21551700	21611400	73	5.077788405075231e-09
2L	21611400	21671100	156	4.288212847590166e-09
2L	21671100	21730800	196	2.280079117752335e-09
2L	21730800	21790500	269	8.628021075505357e-09
2L	21790500	21850200	415	8.134688822072395e-09
2L	21850200	21909900	547	1.0547559348829692e-08
2L	21909900	21969600	412	8.595230198820373e-09
2L	21969600	22029300	429	2.2537106215724197e-08
2L	22029300	22089000	452	7.347085546808904e-09
2L	22089000	22148700	330	4.646128158763207e-09
2L	22148700	22208400	247	6.54041313284503e-09
2L	22208400	22268100	153	1.2777217138477898e-09
2L	22268100	22327800	148	2.2084266437630038e-09
2L	22327800	22387500	133	7.969555112717722e-09
2L	22506900	22566600	121	7.63187254182909e-09
2L	22566600	22626300	139	9.62516136613017e-09
2L	22626300	22686000	127	5.614619814635362e-09
2L	22686000	22745700	191	2.6458745724712496e-09
2L	22745700	22805400	58	6.620979064528214e-09
2L	22924800	22984500	82	4.941903101946064e-09
2L	22984500	23044200	108	1.012112744747292e-08
2L	23163600	23223300	52	7.976072854022841e-09
2L	23283000	23342700	144	6.323109413860599e-09
2R	1048900	1110600	55	5.942618434889368e-09
2R	1357400	1419100	56	5.2021477627842476e-09
2R	1727600	1789300	111	2.868785143876009e-09
2R	2036100	2097800	63	5.299479216518356e-09
2R	2899900	2961600	50	5.900901745667458e-09
2R	3270100	3331800	140	5.452281669317987e-09
2R	3516900	3578600	99	1.891815819320233e-09
2R	3640300	3702000	53	4.705410065333171e-09
2R	3763700	3825400	69	5.689402556592531e-09
2R	3887100	3948800	61	5.376053410721202e-09
2R	4133900	4195600	100	5.9322515983830345e-09
2R	4380700	4442400	66	3.585950089274042e-09
2R	4442400	4504100	68	4.004233410039975e-09
2R	4504100	4565800	106	4.681085625656285e-09
2R	4565800	4627500	152	7.961239180161613e-09
2R	4627500	4689200	93	3.852894444560793e-09
2R	4689200	4750900	173	4.670616580902705e-09
2R	4750900	4812600	106	3.1628685967253303e-09
2R	4812600	4874300	140	3.400744252594919e-09
2R	4874300	4936000	176	2.5232111977659787e-09
2R	4936000	4997700	204	8.130159648918355e-09
2R	4997700	5059400	289	2.4212545400521224e-09
2R	5059400	5121100	278	1.3550600231406779e-08
2R	5121100	5182800	234	4.4835519019247766e-09
2R	5182800	5244500	180	1.2612358004840983e-08
2R	5244500	5306200	269	6.565092493468394e-09
2R	5306200	5367900	247	8.480377331272744e-09
2R	5367900	5429600	146	1.1690546315603682e-08
2R	5429600	5491300	307	1.500012840433069e-08
2R	5491300	5553000	320	6.0232158152640115e-09
2R	5553000	5614700	123	0
2R	5614700	5676400	175	4.591927462199164e-09
2R	5676400	5738100	477	1.4403091282888954e-08
2R	5738100	5799800	340	1.76550873076538e-08
2R	5799800	5861500	582	5.597789148866413e-09
2R	5861500	5923200	420	1.0591179807052495e-08
2R	5923200	5984900	237	9.593043131461349e-11
2R	5984900	6046600	201	1.568111068618093e-09
2R	6046600	6108300	357	7.098513966340203e-09
2R	6108300	6170000	372	9.176097077013825e-09
2R	6170000	6231700	396	9.387047598739528e-09
2R	6231700	6293400	141	9.606915509245514e-09
2R	6478500	6540200	517	5.463760441700947e-09
2R	6540200	6601900	642	2.4125279174056958e-08
2R	6601900	6663600	434	3.446940134014797e-09
2R	6663600	6725300	402	3.947072043808467e-09
2R	6725300	6787000	431	7.611747625629688e-09
2R	6787000	6848700	562	7.023827255208742e-09
2R	6848700	6910400	626	5.907589085272951e-09
2R	6910400	6972100	481	7.980165676582872e-09
2R	6972100	7033800	488	9.224792006237234e-09
2R	7033800	7095500	677	8.865816986478743e-09
2R	7095500	7157200	659	1.209768500633342e-08
2R	7157200	7218900	405	5.1484895561478914e-09
2R	7218900	7280600	466	9.91929255360046e-09
2R	7280600	7342300	581	3.4064056173902625e-10
2R	7342300	7404000	608	8.935399462669463e-09
2R	7404000	7465700	515	1.6406654461518e-09
2R	7465700	7527400	375	1.99663655429207e-09
2R	7527400	7589100	472	7.2474729397763815e-09
2R	7589100	7650800	679	6.319240101643446e-09
2R	7650800	7712500	660	5.484012275833742e-09
2R	7712500	7774200	597	1.382119263490291e-08
2R	7774200	7835900	490	0
2R	7835900	7897600	620	2.9473192654573552e-09
2R	7897600	7959300	649	1.3110985712490438e-08
2R	7959300	8021000	580	2.9742618086983002e-09
2R	8021000	8082700	500	1.1537611329032897e-08
2R	8082700	8144400	314	1.4370954651303097e-08
2R	8144400	8206100	597	1.2976185670008535e-08
2R	8206100	8267800	677	9.828666410152679e-09
2R	8267800	8329500	726	8.323783064817058e-09
2R	8329500	8391200	460	1.2111045084366228e-08
2R	8391200	8452900	552	9.633803017276404e-09
2R	8452900	8514600	519	6.048702733357371e-09
2R	8514600	8576300	628	2.729222590181107e-09
2R	8576300	8638000	736	1.0958385960216909e-08
2R	8638000	8699700	572	2.126088353682528e-09
2R	8699700	8761400	533	6.768854781609081e-10
2R	8761400	8823100	535	4.990446403549934e-09
2R	8823100	8884800	481	4.015786311481377e-09
2R	8884800	8946500	337	5.6042258867599545e-11
2R	8946500	9008200	541	9.489783734734574e-09
2R	9008200	9069900	832	1.7399112438463083e-08
2R	9069900	9131600	459	1.151656316910563e-08
2R	9131600	9193300	458	8.352370486938125e-09
2R	9193300	9255000	712	1.7874869015050162e-08
2R	9255000	9316700	500	2.973852975709317e-09
2R	9316700	9378400	610	9.859492866788954e-09
2R	9378400	9440100	795	4.900490791130786e-09
2R	9440100	9501800	675	2.626293269367089e-09
2R	9501800	9563500	509	6.361730653308786e-09
2R	9563500	9625200	581	9.767509975686906e-10
2R	9625200	9686900	640	1.657234413881098e-09
2R	9686900	9748600	606	2.0541090379355234e-09
2R	9748600	9810300	986	8.522867321354308e-09
2R	9810300	9872000	671	4.73006022360018e-09
2R	9872000	9933700	457	2.8334637706960335e-09
2R	9933700	9995400	573	1.0388207144449707e-08
2R	9995400	10057100	516	1.4536771425674147e-09
2R	10057100	10118800	579	9.854538574716427e-09
2R	10118800	10180500	863	1.047458266029638e-08
2R	10180500	10242200	858	1.552996402439632e-08
2R	10242200	10303900	1259	4.519214718040604e-09
2R	10303900	10365600	1134	1.6101205935801126e-08
2R	10365600	10427300	1278	6.512055398488377e-09
2R	10427300	10489000	1082	5.399391709287301e-09
2R	10489000	10550700	514	9.968436188260953e-09
2R	10550700	10612400	773	1.1376964151214e-09
2R	10612400	10674100	748	2.583251242433644e-09
2R	10674100	10735800	950	3.3863407519061632e-09
2R	10735800	10797500	1009	4.227994219281709e-09
2R	10797500	10859200	1017	3.1526814670273412e-09
2R	10859200	10920900	1153	2.1373627095709985e-09
2R	10920900	10982600	1051	5.943244039215914e-09
2R	10982600	11044300	813	1.0708229590332127e-08
2R	11044300	11106000	878	6.191684209081014e-09
2R	11106000	11167700	1184	1.6157176484834714e-09
2R	11167700	11229400	1077	3.519411397149645e-09
2R	11229400	11291100	1174	3.63636908069e-09
2R	11291100	11352800	746	4.5554773056292784e-09
2R	11352800	11414500	1033	3.4563006123944043e-09
2R	11414500	11476200	936	2.936705332089549e-09
2R	11476200	11537900	1028	9.080058950716016e-09
2R	11537900	11599600	1121	5.460569522685293e-09
2R	11599600	11661300	759	6.295641828537765e-10
2R	11661300	11723000	944	1.4648762462298907e-09
2R	11723000	11784700	988	1.0151588351819706e-09
2R	11784700	11846400	936	7.088786773754818e-09
2R	11846400	11908100	766	4.413549361069551e-09
2R	11908100	11969800	946	3.183617994083726e-09
2R	11969800	12031500	966	6.062314400921862e-09
2R	12031500	12093200	1055	3.340135885145867e-09
2R	12093200	12154900	637	5.4228973598186714e-09
2R	12154900	12216600	512	2.1120072020812393e-09
2R	12216600	12278300	1120	5.826112264704976e-09
2R	12278300	12340000	983	5.309912319910265e-09
2R	12340000	12401700	917	7.095529710154143e-09
2R	12401700	12463400	1082	5.7038712009993116e-09
2R	12463400	12525100	928	4.955419300268622e-09
2R	12525100	12586800	1074	6.9036533813828086e-09
2R	12586800	12648500	1167	4.521087038350036e-09
2R	12648500	12710200	1254	3.5944625761517783e-09
2R	12710200	12771900	1105	6.1410720328460865e-09
2R	12771900	12833600	807	3.6022742064769726e-09
2R	12833600	12895300	912	2.5575037494681844e-09
2R	12895300	12957000	1017	0
2R	12957000	13018700	1097	2.1614816095858404e-09
2R	13018700	13080400	1440	6.5686169932470376e-09
2R	13080400	13142100	1115	0
2R	13142100	13203800	1062	8.555892978806418e-10
2R	13203800	13265500	1075	3.8621864097197196e-09
2R	13265500	13327200	1170	3.898802272252275e-10
2R	13327200	13388900	1211	9.613163690338118e-09
2R	13388900	13450600	1163	4.028253471310228e-09
2R	13450600	13512300	1213	5.348430227943656e-09
2R	13512300	13574000	1875	8.155136087359264e-09
2R	13574000	13635700	1217	3.971746911761624e-09
2R	13635700	13697400	1109	3.4751529797572216e-09
2R	13697400	13759100	1148	4.464626528671068e-09
2R	13759100	13820800	1076	5.579845424053284e-09
2R	13820800	13882500	1246	2.7296404085105054e-09
2R	13882500	13944200	1222	6.182749411203671e-09
2R	13944200	14005900	803	6.381006454838764e-09
2R	14005900	14067600	929	5.774798108749955e-09
2R	14067600	14129300	1003	7.645868332696415e-09
2R	14129300	14191000	678	6.078589098752498e-09
2R	14191000	14252700	827	2.010536875917464e-09
2R	14252700	14314400	810	5.106510045718779e-09
2R	14314400	14376100	916	3.550482704312288e-09
2R	14376100	14437800	1137	1.7396984987274133e-09
2R	14437800	14499500	944	9.129464844999937e-09
2R	14499500	14561200	871	5.476880161877598e-09
2R	14561200	14622900	882	9.558022902532927e-09
2R	14622900	14684600	1239	1.0758307138812232e-08
2R	14684600	14746300	1165	7.135042183054961e-09
2R	14746300	14808000	1129	3.261784839875521e-09
2R	14808000	14869700	1099	3.4924463905576563e-09
2R	14869700	14931400	918	5.09907804602621e-09
2R	14931400	14993100	1159	2.190156077192199e-09
2R	14993100	15054800	864	4.376673523997403e-09
2R	15054800	15116500	862	5.780161233811465e-09
2R	15116500	15178200	979	4.044039068420637e-10
2R	15178200	15239900	890	2.192750594237663e-09
2R	15239900	15301600	871	1.5945459401254657e-09
2R	15301600	15363300	716	1.0796854113854225e-10
2R	15363300	15425000	886	3.4113267372712643e-09
2R	15425000	15486700	761	3.3359071593120257e-09
2R	15486700	15548400	896	6.53342763100316e-10
2R	15548400	15610100	1080	3.488866855568959e-09
2R	15610100	15671800	716	1.7494228833939162e-09
2R	15671800	15733500	855	7.918248818935566e-09
2R	15733500	15795200	862	9.239044440890226e-09
2R	15795200	15856900	1062	7.232823465393704e-09
2R	15856900	15918600	961	4.338355539788295e-09
2R	15918600	15980300	967	3.0892651806979163e-09
2R	15980300	16042000	947	3.6284249165936526e-09
2R	16042000	16103700	1029	4.244959665156917e-09
2R	16103700	16165400	1277	7.271728866232587e-09
2R	16165400	16227100	1229	2.373811942649358e-09
2R	16227100	16288800	1594	3.0504215540744042e-09
2R	16288800	16350500	1189	4.530998991997748e-09
2R	16350500	16412200	1143	3.764311342890372e-09
2R	16412200	16473900	1196	7.801933064399996e-10
2R	16473900	16535600	1192	2.4123163726721217e-09
2R	16535600	16597300	1326	3.737171122160249e-09
2R	16597300	16659000	1072	0
2R	16659000	16720700	1130	6.154726380777558e-09
2R	16720700	16782400	1364	1.6277591278100578e-09
2R	16782400	16844100	1137	1.7518028754369195e-09
2R	16844100	16905800	1011	3.09789395416602e-10
2R	16905800	16967500	1164	2.812556006712785e-09
2R	16967500	17029200	1035	4.032224991774627e-09
2R	17029200	17090900	694	3.1541871118797113e-10
2R	17090900	17152600	1054	0
2R	17152600	17214300	977	2.149456977772537e-09
2R	17214300	17276000	956	4.842195626004117e-10
2R	17276000	17337700	992	3.903626799723801e-09
2R	17337700	17399400	778	1.5552002576061423e-09
2R	17399400	17461100	714	6.091618442689934e-10
2R	17461100	17522800	1028	2.4201740528669546e-09
2R	17522800	17584500	715	4.1826395903583905e-09
2R	17584500	17646200	1153	9.67267472308872e-09
2R	17646200	17707900	1416	2.012275539288189e-09
2R	17707900	17769600	1079	2.253123096500763e-09
2R	17769600	17831300	820	1.3893825392122103e-09
2R	17831300	17893000	1452	6.155458686021559e-09
2R	17893000	17954700	1462	2.449942485669106e-09
2R	17954700	18016400	1035	2.9813175472608988e-09
2R	18016400	18078100	1094	2.0431244592755084e-09
2R	18078100	18139800	835	3.32933385996182e-10
2R	18139800	18201500	819	2.464137077193162e-09
2R	18201500	18263200	1101	4.005762041078449e-09
2R	18263200	18324900	1121	3.5299916354908854e-09
2R	18324900	18386600	832	5.722756140221142e-09
2R	18386600	18448300	1135	9.334560855860062e-09
2R	18448300	18510000	1166	3.893221775520695e-09
2R	18510000	18571700	1114	2.97736175114223e-09
2R	18571700	18633400	1092	5.046434059689446e-09
2R	18633400	18695100	1204	7.402040489132948e-10
2R	18695100	18756800	1207	4.309372201105097e-09
2R	18756800	18818500	1372	7.604035395632858e-09
2R	18818500	18880200	928	4.402350257407077e-09
2R	18880200	18941900	903	4.392726434985224e-10
2R	18941900	19003600	956	3.4452385351732916e-09
2R	19003600	19065300	1095	8.689156808868875e-10
2R	19065300	19127000	1056	2.1396988980794682e-09
2R	19127000	19188700	1306	6.820840979247637e-11
2R	19188700	19250400	1200	3.1041909542984222e-09
2R	19250400	19312100	1099	2.8216958214171315e-10
2R	19312100	19373800	1032	0
2R	19373800	19435500	1290	3.124351811859492e-09
2R	19435500	19497200	729	0
2R	19497200	19558900	1041	4.346316551397926e-09
2R	19558900	19620600	752	1.5626691354383318e-08
2R	19620600	19682300	994	3.1360945286172077e-09
2R	19682300	19744000	538	8.950174170234203e-09
2R	19744000	19805700	627	6.537984844597284e-09
2R	19805700	19867400	935	5.8692755937340536e-09
2R	19867400	19929100	928	6.248953399397528e-09
2R	19929100	19990800	1018	4.547123185376397e-09
2R	19990800	20052500	1041	5.484090897562392e-09
2R	20052500	20114200	998	8.512114115210035e-09
2R	20114200	20175900	1028	3.262489065930717e-09
2R	20175900	20237600	1210	6.253415744082215e-09
2R	20237600	20299300	1454	4.814169748910393e-09
2R	20299300	20361000	1122	7.162981537498438e-09
2R	20361000	20422700	922	8.801119165972316e-09
2R	20422700	20484400	1220	3.94723490310353e-09
2R	20484400	20546100	1203	4.79838250579739e-09
2R	20546100	20607800	1347	2.056644027100722e-09
2R	20607800	20669500	1291	2.640891078042367e-09
2R	20669500	20731200	1191	2.8481941131424647e-09
2R	20731200	20792900	1090	2.833621014153334e-09
2R	20792900	20854600	1363	3.4225202250959794e-09
2R	20854600	20916300	1332	2.0896763848094173e-09
2R	20916300	20978000	1375	2.142696632276153e-09
2R	20978000	21039700	1355	3.2690753204565176e-09
2R	21039700	21101400	1696	4.375172972147732e-09
2R	21101400	21163100	1494	4.198617771955258e-09
2R	21163100	21224800	1293	1.52525885700096e-09
2R	21224800	21286500	1330	2.2683224136837214e-08
2R	21286500	21348200	905	3.725840472546306e-11
2R	21348200	21409900	1250	2.6763371228206295e-09
2R	21409900	21471600	1228	9.406908570564174e-09
2R	21471600	21533300	1239	4.894986146957706e-09
2R	21533300	21595000	1177	8.321550207723386e-09
2R	21595000	21656700	942	8.999274601692681e-10
2R	21656700	21718400	1256	3.994666268830772e-09
2R	21718400	21780100	1210	3.3165482433831903e-09
2R	21780100	21841800	1329	2.987127693008163e-09
2R	21841800	21903500	1539	1.2084191271361903e-08
2R	21903500	21965200	1422	7.276830293254446e-09
2R	21965200	22026900	1304	1.4878665134154891e-08
2R	22026900	22088600	1452	7.536200006569505e-09
2R	22088600	22150300	1387	4.2505912272633914e-09
2R	22150300	22212000	1242	1.3459686837857538e-08
2R	22212000	22273700	953	6.555940924253487e-09
2R	22273700	22335400	1123	5.0582093483061734e-09
2R	22335400	22397100	1114	1.8368816943446378e-09
2R	22397100	22458800	1185	1.874475231607736e-08
2R	22458800	22520500	1293	6.347515844768791e-09
2R	22520500	22582200	1134	8.202525895887076e-09
2R	22582200	22643900	990	1.9907017369465154e-09
2R	22643900	22705600	1216	2.111082835185821e-09
2R	22705600	22767300	1153	4.511723190467771e-09
2R	22767300	22829000	980	5.0875015580662134e-09
2R	22829000	22890700	1440	4.886984701316198e-09
2R	22890700	22952400	882	1.0373541384137523e-08
2R	22952400	23014100	1040	3.1061396500014e-09
2R	23014100	23075800	1093	4.807516104331464e-09
2R	23075800	23137500	1191	2.2262748993342e-09
2R	23137500	23199200	974	1.3781935440577054e-09
2R	23199200	23260900	1139	2.5256743042078406e-09
2R	23260900	23322600	1133	3.1447698747900054e-09
2R	23322600	23384300	964	2.4668472804964964e-09
2R	23384300	23446000	1037	5.332832800146965e-09
2R	23446000	23507700	1166	5.819997740551078e-09
2R	23507700	23569400	1083	8.093503391102652e-09
2R	23569400	23631100	1299	4.845872276237344e-09
2R	23631100	23692800	1143	5.501722381796024e-09
2R	23692800	23754500	1217	9.716663580268628e-09
2R	23754500	23816200	1163	1.0460066281268633e-08
2R	23816200	23877900	906	3.899989983189943e-09
2R	23877900	23939600	718	2.0246595847181812e-09
2R	23939600	24001300	795	2.9079050697173494e-09
2R	24001300	24063000	908	6.462740480776182e-09
2R	24063000	24124700	846	4.321545091035286e-09
2R	24124700	24186400	609	1.107382122888907e-09
2R	24186400	24248100	803	4.305049129196875e-09
2R	24248100	24309800	950	8.92801688234919e-09
2R	24309800	24371500	838	1.63193291612666e-08
2R	24371500	24433200	739	1.3218805024034623e-08
2R	24433200	24494900	916	1.5653560681139455e-08
2R	24494900	24556600	725	1.4157036018924899e-08
2R	24556600	24618300	589	4.382417402859092e-09
2R	24618300	24680000	536	4.9749893716972624e-09
2R	24680000	24741700	369	1.66308948633045e-09
2R	24741700	24803400	329	3.81867714508458e-09
2R	24803400	24865100	458	3.6904675690067986e-09
2R	24865100	24926800	308	1.2792412995125953e-08
2R	24926800	24988500	272	2.4655185732823052e-09
2R	24988500	25050200	508	1.0680577805530717e-09
2R	25050200	25111900	688	2.1124755629504865e-09
2R	25111900	25173600	594	1.4461010927614106e-08
2R	25173600	25235300	788	2.2351461782115956e-08
2R	25235300	25286936	574	0
3L	0	69000	462	0
3L	69000	138000	146	4.0716829910491645e-09
3L	138000	207000	129	1.2828837919174644e-09
3L	207000	276000	87	1.509733311927608e-09
3L	276000	345000	488	1.1747946393688767e-09
3L	345000	414000	623	0
3L	414000	483000	1149	4.8497674213081965e-09
3L	483000	552000	1073	1.7798068120146459e-09
3L	552000	621000	971	1.4892456126088628e-09
3L	621000	690000	843	6.604153491761974e-10
3L	690000	759000	1068	2.181983910082765e-09
3L	759000	828000	1261	9.133096045696033e-09
3L	828000	897000	1573	4.859613108070332e-09
3L	897000	966000	1190	1.2264119905297256e-08
3L	966000	1035000	1326	1.833523545845189e-08
3L	1035000	1104000	1195	8.810828949460643e-09
3L	1104000	1173000	888	1.290038369224652e-09
3L	1173000	1242000	1365	2.165536244449098e-09
3L	1242000	1311000	1657	4.353659820853875e-09
3L	1311000	1380000	1409	4.9085045916153685e-09
3L	1380000	1449000	1740	5.504139438368249e-09
3L	1449000	1518000	1035	1.1379409809810086e-08
3L	1518000	1587000	1350	3.55070284515251e-09
3L	1587000	1656000	1604	1.2721990389606224e-08
3L	1656000	1725000	1585	1.26295907645936e-08
3L	1725000	1794000	883	5.883490402274048e-09
3L	1794000	1863000	1300	3.23809611303315e-09
3L	1863000	1932000	1271	5.408538785832002e-09
3L	1932000	2001000	1315	3.7289697526944574e-09
3L	2001000	2070000	1243	2.676997545341292e-09
3L	2070000	2139000	1235	2.125684013363755e-09
3L	2139000	2208000	1572	5.770108884219733e-09
3L	2208000	2277000	1126	2.4810598427013876e-09
3L	2277000	2346000	1399	1.1727134098947424e-09
3L	2346000	2415000	1522	3.49411541754015e-09
3L	2415000	2484000	1258	5.798122929305429e-09
3L	2484000	2553000	1419	5.374623618427317e-09
3L	2553000	2622000	1357	5.128984628437276e-09
3L	2622000	2691000	1218	4.4622049794286366e-09
3L	2691000	2760000	1159	5.072602217651926e-10
3L	2760000	2829000	1022	1.1451593542051583e-08
3L	2829000	2898000	1235	9.746394425706497e-10
3L	2898000	2967000	1117	3.15097200601297e-09
3L	2967000	3036000	1531	3.3733344716522795e-09
3L	3036000	3105000	928	1.7257914380967061e-09
3L	3105000	3174000	1144	1.3148992017703824e-08
3L	3174000	3243000	726	2.3881592849605056e-09
3L	3243000	3312000	1393	1.5670069949143305e-09
3L	3312000	3381000	1022	2.77204447627433e-09
3L	3381000	3450000	922	0
3L	3450000	3519000	1207	4.448992036345158e-09
3L	3519000	3588000	1454	3.292381047163605e-09
3L	3588000	3657000	1080	2.1143534990976784e-09
3L	3657000	3726000	1110	6.678174125786285e-09
3L	3726000	3795000	1400	1.0895932228479678e-08
3L	3795000	3864000	1199	8.439821997299756e-09
3L	3864000	3933000	1480	1.2161907726965286e-08
3L	3933000	4002000	1161	2.398095948294366e-09
3L	4002000	4071000	1303	1.6860672481123094e-09
3L	4071000	4140000	1215	3.405608691263274e-09
3L	4140000	4209000	1312	7.797563942622148e-10
3L	4209000	4278000	991	2.5140826922346105e-10
3L	4278000	4347000	1260	3.364957888048354e-09
3L	4347000	4416000	1375	1.7116440196098415e-09
3L	4416000	4485000	942	3.648807638494994e-10
3L	4485000	4554000	1168	0
3L	4554000	4623000	1230	3.235865502274583e-09
3L	4623000	4692000	1461	3.246903992977101e-09
3L	4692000	4761000	1385	4.661567219935043e-09
3L	4761000	4830000	1288	3.1554893859077123e-09
3L	4830000	4899000	1006	4.0898345018594415e-09
3L	4899000	4968000	960	1.0843077686975604e-09
3L	4968000	5037000	1137	3.4160530263307067e-09
3L	5037000	5106000	874	3.251495501930285e-09
3L	5106000	5175000	1111	1.1436834985068499e-10
3L	5175000	5244000	1073	0
3L	5244000	5313000	1043	3.1599416220844297e-09
3L	5313000	5382000	1367	2.573567291799017e-09
3L	5382000	5451000	1588	5.905214709067709e-09
3L	5451000	5520000	1449	6.5953584894961485e-09
3L	5520000	5589000	1250	6.793306139219346e-10
3L	5589000	5658000	1013	2.4340373099631266e-09
3L	5658000	5727000	1022	5.624228513043994e-09
3L	5727000	5796000	1096	3.2859475434248963e-09
3L	5796000	5865000	1039	8.991450016191895e-09
3L	5865000	5934000	1537	3.0592945777363783e-09
3L	5934000	6003000	1278	5.10524535905506e-09
3L	6003000	6072000	1139	9.939444464569854e-10
3L	6072000	6141000	1097	6.531529477840039e-10
3L	6141000	6210000	687	4.654037504665438e-09
3L	6210000	6279000	818	0
3L	6279000	6348000	1081	6.180570466152502e-09
3L	6348000	6417000	893	9.290010414904083e-09
3L	6417000	6486000	811	4.136195488909486e-09
3L	6486000	6555000	1150	1.2249530559127351e-09
3L	6555000	6624000	1254	3.1432255194058006e-09
3L	6624000	6693000	1077	8.251138272295404e-09
3L	6693000	6762000	1081	4.14241222131063e-09
3L	6762000	6831000	1127	6.357123420009871e-09
3L	6831000	6900000	971	5.376467859547945e-09
3L	6900000	6969000	1100	1.4867297172920488e-09
3L	6969000	7038000	1513	3.2858430888425462e-09
3L	7038000	7107000	1422	2.8749333630564706e-09
3L	7107000	7176000	1210	2.1839932568335593e-09
3L	7176000	7245000	1209	8.912824395203787e-10
3L	7245000	7314000	1273	5.2750682929399534e-09
3L	7314000	7383000	950	2.275937476152507e-10
3L	7383000	7452000	1283	4.148812030022773e-09
3L	7452000	7521000	1348	3.4958742979268157e-09
3L	7521000	7590000	1047	6.442057950635864e-10
3L	7590000	7659000	1274	6.923650256481264e-09
3L	7659000	7728000	808	3.3222573040507622e-09
3L	7728000	7797000	1332	4.616825840495198e-09
3L	7797000	7866000	1045	4.062710005475049e-09
3L	7866000	7935000	1158	2.234321997861829e-08
3L	7935000	8004000	1308	2.687682238264884e-09
3L	8004000	8073000	1123	2.190562663846077e-09
3L	8073000	8142000	735	0
3L	8142000	8211000	915	3.449220764478162e-10
3L	8211000	8280000	1055	3.0937252790474998e-09
3L	8280000	8349000	932	1.6540232778495047e-09
3L	8349000	8418000	972	3.902019546956676e-09
3L	8418000	8487000	917	2.378101319531014e-09
3L	8487000	8556000	1018	0
3L	8556000	8625000	1591	6.130463715316041e-09
3L	8625000	8694000	1344	2.9361167922922233e-09
3L	8694000	8763000	1307	9.467433300779325e-10
3L	8763000	8832000	1302	1.2705379341842465e-09
3L	8832000	8901000	1396	4.968284061410934e-09
3L	8901000	8970000	1074	2.677008777016814e-09
3L	8970000	9039000	1281	3.229995828647053e-09
3L	9039000	9108000	984	7.474271394411649e-10
3L	9108000	9177000	739	2.951951208442417e-09
3L	9177000	9246000	1195	5.247606846289916e-09
3L	9246000	9315000	1293	2.1740642833225577e-08
3L	9315000	9384000	1367	3.145486455688276e-09
3L	9384000	9453000	954	1.709734634771187e-09
3L	9453000	9522000	1077	8.064720576576244e-10
3L	9522000	9591000	1180	5.151024545313092e-09
3L	9591000	9660000	1394	1.5572871029180343e-09
3L	9660000	9729000	1018	3.0733465269813115e-09
3L	9729000	9798000	1233	2.113733510608892e-09
3L	9798000	9867000	1156	2.776596674363189e-09
3L	9867000	9936000	1106	1.6762911977384053e-09
3L	9936000	10005000	1262	3.3000590205500934e-09
3L	10005000	10074000	1067	4.693961618474118e-09
3L	10074000	10143000	1251	3.1207790158761066e-09
3L	10143000	10212000	1143	1.855256715497791e-09
3L	10212000	10281000	1515	6.258977669800456e-09
3L	10281000	10350000	1172	5.914072008383954e-09
3L	10350000	10419000	1053	4.8550833733325155e-09
3L	10419000	10488000	1423	7.361581147236935e-09
3L	10488000	10557000	1132	1.9844119986544836e-09
3L	10557000	10626000	1143	6.174037000501653e-09
3L	10626000	10695000	1447	6.568836010919707e-09
3L	10695000	10764000	1529	6.633369848963518e-09
3L	10764000	10833000	1273	6.9054695433146316e-09
3L	10833000	10902000	1218	1.632183284797972e-09
3L	10902000	10971000	1527	6.2800033663766815e-09
3L	10971000	11040000	1112	5.399566923425437e-09
3L	11040000	11109000	1210	2.5024898795963863e-09
3L	11109000	11178000	1469	1.5452815649531172e-09
3L	11178000	11247000	1424	0
3L	11247000	11316000	950	1.3956048874511138e-09
3L	11316000	11385000	1287	2.6304961623472286e-09
3L	11385000	11454000	1510	5.1334211402682646e-09
3L	11454000	11523000	1134	1.913725448759999e-09
3L	11523000	11592000	1394	4.207596373367136e-09
3L	11592000	11661000	1334	2.2071293852402716e-09
3L	11661000	11730000	1507	5.985316772551855e-09
3L	11730000	11799000	1162	3.251385431510174e-09
3L	11799000	11868000	1450	0
3L	11868000	11937000	1403	3.0170904337968368e-09
3L	11937000	12006000	691	2.4833050546381327e-09
3L	12006000	12075000	1721	8.07015835353124e-09
3L	12075000	12144000	1224	3.9988736544811205e-09
3L	12144000	12213000	1131	9.887015003235523e-10
3L	12213000	12282000	1219	4.094344019581318e-09
3L	12282000	12351000	1478	7.475637688990091e-09
3L	12351000	12420000	1314	4.807340890193328e-09
3L	12420000	12489000	1349	3.504295808232827e-09
3L	12489000	12558000	1213	4.673430115620839e-09
3L	12558000	12627000	1266	1.8159312499944065e-09
3L	12627000	12696000	1314	7.170168125080862e-09
3L	12696000	12765000	1211	4.680184845279462e-09
3L	12765000	12834000	1329	4.028758761361029e-11
3L	12834000	12903000	1429	2.99560423852423e-09
3L	12903000	12972000	1020	5.3245393309418986e-09
3L	12972000	13041000	1093	3.929790987851106e-09
3L	13041000	13110000	1120	2.3132485019023917e-09
3L	13110000	13179000	1193	3.642980044901948e-09
3L	13179000	13248000	1374	6.941966872921706e-09
3L	13248000	13317000	1350	2.03427614529968e-09
3L	13317000	13386000	1396	4.226580151333554e-09
3L	13386000	13455000	1099	1.5426005640061383e-09
3L	13455000	13524000	939	6.46451007000333e-10
3L	13524000	13593000	536	6.163576941088492e-09
3L	13593000	13662000	745	5.972355419000059e-09
3L	13662000	13731000	848	2.4585032687515843e-09
3L	13731000	13800000	932	0
3L	13800000	13869000	830	3.1706415165187164e-10
3L	13869000	13938000	1085	1.9690762688974436e-09
3L	13938000	14007000	1113	3.5483756419844573e-09
3L	14007000	14076000	935	3.6395409058572683e-09
3L	14076000	14145000	1482	2.516995588532387e-09
3L	14145000	14214000	1422	4.73815713848362e-09
3L	14214000	14283000	1174	1.8428389750412349e-09
3L	14283000	14352000	1153	3.677702769776628e-09
3L	14352000	14421000	1109	5.60732708771926e-09
3L	14421000	14490000	886	3.3362890362797566e-09
3L	14490000	14559000	1162	5.609392592847662e-09
3L	14559000	14628000	1136	1.4135115477350216e-09
3L	14628000	14697000	1087	1.2961832189024594e-09
3L	14697000	14766000	678	4.7438909088373405e-09
3L	14766000	14835000	661	3.75241924484822e-09
3L	14835000	14904000	784	5.453791206508075e-09
3L	14904000	14973000	994	2.726439981319392e-10
3L	14973000	15042000	1156	4.744771472198225e-09
3L	15042000	15111000	1035	4.854279185365178e-09
3L	15111000	15180000	836	3.6617212186771017e-09
3L	15180000	15249000	903	3.894895295173395e-09
3L	15249000	15318000	1152	1.7349295293009899e-09
3L	15318000	15387000	883	2.7895636437527477e-09
3L	15387000	15456000	823	4.508412692856548e-10
3L	15456000	15525000	1073	2.59642150515014e-09
3L	15525000	15594000	480	3.2931009975645313e-09
3L	15594000	15663000	1157	4.645292522104407e-09
3L	15663000	15732000	1093	4.1124371256788835e-09
3L	15732000	15801000	1090	2.4868520177678182e-09
3L	15801000	15870000	634	7.3906238784528e-11
3L	15870000	15939000	813	2.9651461808450603e-09
3L	15939000	16008000	705	3.5736210790541055e-09
3L	16008000	16077000	919	3.102068167624861e-09
3L	16077000	16146000	487	1.0090847450599507e-09
3L	16146000	16215000	759	1.6142361904821865e-09
3L	16215000	16284000	1107	4.725178937418541e-09
3L	16284000	16353000	1226	2.4960035869827273e-09
3L	16353000	16422000	787	1.6364232423073334e-09
3L	16422000	16491000	1012	4.678330495650863e-09
3L	16491000	16560000	1073	2.1337640807339134e-09
3L	16560000	16629000	286	3.1229130342251897e-09
3L	16629000	16698000	861	3.506393885220241e-09
3L	16698000	16767000	1233	3.5595208336044287e-09
3L	16767000	16836000	1073	1.7959659179896974e-08
3L	16836000	16905000	1051	3.7963328498021325e-09
3L	16905000	16974000	912	2.793456542488495e-09
3L	16974000	17043000	797	5.505158151338048e-09
3L	17043000	17112000	542	6.093963016206311e-09
3L	17112000	17181000	753	5.137785769375913e-09
3L	17181000	17250000	792	5.860350904364678e-09
3L	17250000	17319000	700	0
3L	17319000	17388000	660	1.929519430878315e-09
3L	17388000	17457000	640	2.7453018568576683e-09
3L	17457000	17526000	630	2.69950357675125e-09
3L	17526000	17595000	571	1.3752553338664105e-08
3L	17595000	17664000	679	9.123010562661514e-09
3L	17664000	17733000	926	4.019194001834596e-09
3L	17733000	17802000	910	3.640260333423146e-10
3L	17802000	17871000	650	5.483384425172091e-09
3L	17871000	17940000	853	0
3L	17940000	18009000	820	0
3L	18009000	18078000	1065	1.7534011428636272e-09
3L	18078000	18147000	1469	3.530905893878336e-09
3L	18147000	18216000	1332	2.6808522563802668e-09
3L	18216000	18285000	1474	4.50101715736069e-09
3L	18285000	18354000	1418	7.95196518568352e-09
3L	18354000	18423000	1399	1.910919098439328e-08
3L	18423000	18492000	899	2.4479904204634707e-09
3L	18492000	18561000	742	0
3L	18561000	18630000	1106	1.7390560468875844e-09
3L	18630000	18699000	896	4.4342762950769045e-09
3L	18699000	18768000	844	9.614164432627083e-09
3L	18768000	18837000	583	3.939631058775481e-09
3L	18837000	18906000	1107	3.0729163538088386e-09
3L	18906000	18975000	1079	2.2508264396152568e-08
3L	18975000	19044000	801	8.061432464818596e-09
3L	19044000	19113000	732	4.812258117736635e-09
3L	19113000	19182000	697	4.889450054093165e-09
3L	19182000	19251000	917	7.379603493778715e-09
3L	19251000	19320000	675	3.306014054911587e-09
3L	19320000	19389000	759	5.662046687692396e-09
3L	19389000	19458000	661	1.4185200708858526e-08
3L	19458000	19527000	664	8.477522239355182e-09
3L	19527000	19596000	494	7.898061005353243e-09
3L	19596000	19665000	502	4.799303503190151e-09
3L	19665000	19734000	329	4.103150776357718e-09
3L	19734000	19803000	146	1.0098689929283645e-08
3L	19803000	19872000	213	9.642668178765515e-09
3L	19872000	19941000	351	5.018314436853849e-09
3L	19941000	20010000	476	1.5821755092271705e-08
3L	20010000	20079000	556	4.180269706823357e-09
3L	20079000	20148000	491	1.1893069711185613e-08
3L	20148000	20217000	471	1.4092642998012938e-08
3L	20217000	20286000	410	7.278708229401638e-09
3L	20286000	20355000	405	5.701018355416854e-09
3L	20355000	20424000	456	1.0062281891496967e-08
3L	20424000	20493000	466	2.6673719994193782e-09
3L	20493000	20562000	430	3.2400964744435276e-09
3L	20562000	20631000	423	4.676160535940112e-09
3L	20631000	20700000	466	0
3L	20700000	20769000	443	7.568283849280411e-09
3L	20769000	20838000	386	1.4131569458243422e-08
3L	20838000	20907000	593	4.106614625088545e-09
3L	20907000	20976000	526	7.634734372751964e-09
3L	20976000	21045000	355	9.270908142760913e-09
3L	21045000	21114000	416	4.553051263716638e-09
3L	21114000	21183000	421	7.432078443398881e-09
3L	21183000	21252000	360	1.681036580646234e-09
3L	21252000	21321000	353	0
3L	21321000	21390000	373	2.8948606017666947e-09
3L	21390000	21459000	450	7.850959328051287e-10
3L	21459000	21528000	336	1.2851761768914005e-09
3L	21528000	21597000	344	2.698941992975175e-09
3L	21597000	21666000	402	3.678501341906205e-09
3L	21666000	21735000	333	0
3L	21735000	21804000	530	9.97842058621578e-09
3L	21804000	21873000	463	1.664911264100034e-09
3L	21873000	21942000	419	2.4227438602262716e-09
3L	21942000	22011000	435	2.455906505371015e-09
3L	22011000	22080000	308	0
3L	22080000	22149000	493	7.0734976554511935e-09
3L	22149000	22218000	477	7.428702763320899e-09
3L	22218000	22287000	381	3.5493483050846174e-09
3L	22287000	22356000	344	3.4610673354857243e-09
3L	22356000	22425000	538	3.3112480157046e-09
3L	22425000	22494000	516	3.050199166899079e-09
3L	22494000	22563000	452	1.2784324503999153e-08
3L	22563000	22632000	402	5.01844584745745e-09
3L	22632000	22701000	366	4.221939223008075e-09
3L	22701000	22770000	251	2.687633942060142e-09
3L	22770000	22839000	205	2.0432154358472314e-09
3L	22839000	22908000	329	3.944879620746674e-09
3L	22908000	22977000	350	9.084635335655974e-10
3L	22977000	23046000	270	3.1634223183285395e-09
3L	23046000	23115000	156	4.510263072649978e-09
3L	23115000	23184000	99	6.208218358616197e-09
3L	23184000	23253000	209	0
3L	23253000	23322000	110	2.015869675455066e-09
3L	23322000	23391000	62	4.63940263146094e-09
3L	23391000	23460000	72	4.474656414911757e-09
3L	23529000	23598000	72	3.2336483695266412e-09
3L	23598000	23667000	79	1.946778023484633e-09
3L	23667000	23736000	79	3.837879940723667e-09
3L	23736000	23805000	97	4.658869371474783e-09
3L	23805000	23874000	102	6.620708381148145e-09
3L	23874000	23943000	73	4.417021071973244e-09
3L	23943000	24012000	85	6.015136871061406e-09
3L	24012000	24081000	74	3.7122188318217116e-09
3L	24081000	24150000	55	5.396965667374661e-09
3L	24150000	24219000	95	4.2167389572416264e-09
3L	24219000	24288000	57	4.463187751036766e-09
3L	24288000	24357000	102	3.4979061080286522e-09
3L	24495000	24564000	120	2.403281612882637e-09
3L	24702000	24771000	109	1.5171473409393426e-09
3L	25116000	25185000	61	4.296360305013452e-09
3L	25323000	25392000	54	4.6661486203802575e-09
3L	25392000	25461000	71	4.114045501613561e-09
3L	25461000	25530000	95	3.012348420391664e-09
3L	25599000	25668000	69	4.2871390994103115e-09
3L	25944000	26013000	59	4.1601953331638015e-09
3L	26289000	26358000	55	5.140984550564434e-09
3L	26703000	26772000	54	6.2622022838426745e-09
3L	27117000	27186000	99	4.533042033775108e-09
3L	27186000	27255000	51	6.117345118306943e-09
3L	27393000	27462000	52	4.8875620094380016e-09
3L	27600000	27669000	51	4.19312548262525e-09
3L	27945000	28014000	54	4.934779973330336e-09
3R	745200	807300	323	0
3R	1179900	1242000	61	4.4094902335360865e-09
3R	1428300	1490400	51	5.845311690841407e-09
3R	1552500	1614600	54	4.5116939881114155e-09
3R	2484000	2546100	68	4.836237744975012e-09
3R	2856600	2918700	77	4.858748269055178e-09
3R	2980800	3042900	62	4.266715420642039e-09
3R	3850200	3912300	77	3.932257463795624e-09
3R	4160700	4222800	84	3.0884082038556265e-09
3R	4222800	4284900	106	1.7417348014994582e-09
3R	4284900	4347000	68	4.370900442779359e-09
3R	4347000	4409100	68	4.0596437580576815e-09
3R	4409100	4471200	115	2.5214506713767215e-10
3R	4471200	4533300	151	2.7003414597451536e-09
3R	4533300	4595400	186	5.691446721537442e-09
3R	4595400	4657500	164	2.122840153121715e-09
3R	4657500	4719600	263	4.660296917433563e-09
3R	4719600	4781700	192	6.510375139830363e-09
3R	4781700	4843800	217	3.621833046230091e-09
3R	4843800	4905900	236	8.707888396971103e-09
3R	4905900	4968000	241	1.0093567162078294e-08
3R	4968000	5030100	377	1.736516168068659e-08
3R	5030100	5092200	323	1.5992051581675774e-08
3R	5092200	5154300	376	1.2057805857975543e-09
3R	5154300	5216400	350	5.002648495836478e-09
3R	5216400	5278500	295	6.037400298280098e-09
3R	5278500	5340600	308	5.4459065702919915e-09
3R	5340600	5402700	219	1.0552513640902221e-08
3R	5402700	5464800	332	3.293041469684269e-09
3R	5464800	5526900	283	3.4950970659807286e-09
3R	5526900	5589000	133	1.6795876945039623e-09
3R	5589000	5651100	214	8.40582989291775e-09
3R	5651100	5713200	200	1.1210132735355536e-08
3R	5713200	5775300	289	2.0340230917753074e-08
3R	5775300	5837400	228	2.8976348256205016e-09
3R	5837400	5899500	346	1.31237389992532e-08
3R	5899500	5961600	477	2.121206108933598e-08
3R	5961600	6023700	335	1.3285689651765083e-08
3R	6023700	6085800	472	2.4590654663949387e-08
3R	6085800	6147900	451	1.1878775719333191e-08
3R	6147900	6210000	313	4.932789720427929e-09
3R	6210000	6272100	266	1.3471536855865199e-09
3R	6272100	6334200	325	7.489495891832279e-09
3R	6334200	6396300	271	1.3402371597671386e-08
3R	6396300	6458400	348	6.373562100303121e-09
3R	6458400	6520500	361	1.6201354381503488e-08
3R	6520500	6582600	455	0
3R	6582600	6644700	426	4.176650860970333e-09
3R	6644700	6706800	387	6.933407774590558e-09
3R	6706800	6768900	404	4.9400386438094976e-09
3R	6768900	6831000	482	7.598909297673597e-10
3R	6831000	6893100	493	1.321599457802726e-08
3R	6893100	6955200	408	1.6456220105186966e-08
3R	6955200	7017300	483	8.25318299882409e-09
3R	7017300	7079400	512	1.12330610777651e-08
3R	7079400	7141500	295	1.692526584704716e-09
3R	7141500	7203600	385	1.966549053792669e-08
3R	7203600	7265700	432	9.830238844725688e-09
3R	7265700	7327800	411	1.459471714529616e-08
3R	7327800	7389900	349	1.9244258660293215e-09
3R	7389900	7452000	542	1.4729724692983323e-08
3R	7452000	7514100	452	1.325974813160499e-08
3R	7514100	7576200	339	0
3R	7576200	7638300	591	0
3R	7638300	7700400	549	1.1191869469373821e-08
3R	7700400	7762500	377	9.048722576011065e-09
3R	7762500	7824600	465	6.9735963943577685e-09
3R	7824600	7886700	384	4.263440264059973e-09
3R	7886700	7948800	338	1.4787811830069689e-08
3R	7948800	8010900	447	1.4377282015708128e-08
3R	8010900	8073000	528	5.245690722445951e-09
3R	8073000	8135100	298	9.375019597423567e-09
3R	8135100	8197200	396	1.1550057710262034e-08
3R	8197200	8259300	434	1.4790868390166918e-08
3R	8259300	8321400	385	7.749990457450815e-09
3R	8321400	8383500	326	0
3R	8383500	8445600	390	5.9161015721506874e-09
3R	8445600	8507700	480	7.00734870246739e-09
3R	8507700	8569800	529	7.288844254976005e-09
3R	8569800	8631900	389	8.175983200294697e-09
3R	8631900	8694000	381	1.436809590909099e-08
3R	8694000	8756100	371	5.130080839968174e-09
3R	8756100	8818200	380	1.2517529810788727e-08
3R	8818200	8880300	407	7.594914713525634e-09
3R	8880300	8942400	382	7.478679788305086e-09
3R	8942400	9004500	375	7.386245906682122e-09
3R	9004500	9066600	379	4.783250069367289e-09
3R	9066600	9128700	548	2.0845781549402087e-08
3R	9128700	9190800	510	3.867531564100396e-09
3R	9190800	9252900	410	6.845555293412808e-09
3R	9252900	9315000	524	1.7244560722398953e-08
3R	9315000	9377100	494	1.1115483405735959e-08
3R	9377100	9439200	418	1.4175076476543457e-08
3R	9439200	9501300	407	1.0664290152524515e-08
3R	9501300	9563400	317	2.555429258999367e-09
3R	9563400	9625500	463	8.432310252710985e-09
3R	9625500	9687600	384	6.308485772331621e-09
3R	9687600	9749700	237	1.9447844010795693e-09
3R	9749700	9811800	153	2.080391158655804e-09
3R	9811800	9873900	358	1.5217666654739607e-08
3R	9873900	9936000	542	1.826245616661587e-08
3R	9936000	9998100	349	1.175534129010337e-08
3R	9998100	10060200	444	1.052569801559467e-08
3R	10060200	10122300	422	6.640952353108075e-09
3R	10122300	10184400	532	3.5309272340618255e-09
3R	10184400	10246500	395	3.791190988748395e-09
3R	10246500	10308600	376	6.775731336198376e-09
3R	10308600	10370700	274	7.1550418660722975e-09
3R	10370700	10432800	564	8.24874536382555e-09
3R	10432800	10494900	566	5.456657530101159e-09
3R	10494900	10557000	458	1.1672704237454023e-08
3R	10557000	10619100	418	5.9276061773873475e-09
3R	10619100	10681200	652	1.0074769268341757e-08
3R	10681200	10743300	811	2.038681208439208e-09
3R	10743300	10805400	584	3.0080871226988113e-09
3R	10805400	10867500	520	1.776190896561979e-08
3R	10867500	10929600	643	1.095203444770951e-08
3R	10929600	10991700	560	3.996083706281583e-09
3R	10991700	11053800	824	3.0978293332830504e-09
3R	11053800	11115900	778	2.560031999628071e-09
3R	11115900	11178000	938	8.07777174478348e-09
3R	11178000	11240100	700	8.356416698044741e-09
3R	11240100	11302200	686	1.5792524937518924e-08
3R	11302200	11364300	591	7.446617285777671e-09
3R	11364300	11426400	403	0
3R	11426400	11488500	543	4.2644398831813855e-09
3R	11488500	11550600	575	6.106834516353935e-09
3R	11550600	11612700	496	3.1531868924258068e-09
3R	11612700	11674800	575	9.477175055794154e-09
3R	11674800	11736900	676	7.67409128694681e-09
3R	11736900	11799000	272	3.3178252848899836e-09
3R	11799000	11861100	674	6.1231766042377006e-09
3R	11861100	11923200	774	7.756726093261052e-09
3R	11923200	11985300	650	6.1260047401340105e-09
3R	11985300	12047400	780	6.4534047120827214e-09
3R	12047400	12109500	759	5.9919928804818274e-09
3R	12109500	12171600	861	3.818820910531255e-09
3R	12171600	12233700	631	1.6746356487665386e-09
3R	12233700	12295800	779	3.566186833026432e-09
3R	12295800	12357900	719	2.67393803692924e-09
3R	12357900	12420000	463	0
3R	12420000	12482100	207	4.242618983978239e-09
3R	12482100	12544200	350	9.259449025810114e-09
3R	12544200	12606300	725	6.435310482817605e-09
3R	12606300	12668400	638	4.897623344370151e-09
3R	12668400	12730500	598	5.612746371158378e-09
3R	12730500	12792600	792	6.408656593637563e-09
3R	12792600	12854700	733	4.994094451759313e-09
3R	12854700	12916800	755	6.4622294395399535e-09
3R	12916800	12978900	730	7.150917594820808e-09
3R	12978900	13041000	510	1.2101306660105323e-08
3R	13041000	13103100	693	2.08020762920291e-08
3R	13103100	13165200	720	6.205733911990844e-09
3R	13165200	13227300	804	2.2845740342960333e-09
3R	13227300	13289400	764	7.81365833331192e-09
3R	13289400	13351500	1009	6.624174476214077e-09
3R	13351500	13413600	981	3.55941188635187e-09
3R	13413600	13475700	736	3.3148814627358018e-09
3R	13475700	13537800	734	8.95642628241324e-09
3R	13537800	13599900	874	2.2309300318543397e-08
3R	13599900	13662000	578	7.0637800097900024e-09
3R	13662000	13724100	773	2.363422642791982e-09
3R	13724100	13786200	1006	7.517400989665415e-09
3R	13786200	13848300	991	1.7609854121222058e-08
3R	13848300	13910400	1010	7.50732898464152e-09
3R	13910400	13972500	1057	4.8190027388872884e-09
3R	13972500	14034600	772	3.211846564171881e-09
3R	14034600	14096700	1083	5.5315278791273955e-09
3R	14096700	14158800	1045	3.345561907590297e-09
3R	14158800	14220900	824	3.5077057449211495e-09
3R	14220900	14283000	793	8.741677208026171e-09
3R	14283000	14345100	1075	5.05324719406078e-09
3R	14345100	14407200	958	4.615083807621815e-09
3R	14407200	14469300	1035	1.4435789779042774e-08
3R	14469300	14531400	913	3.876556215381911e-09
3R	14531400	14593500	1057	1.1127576027934885e-09
3R	14593500	14655600	773	4.264821760149115e-09
3R	14655600	14717700	1043	1.3448332214237822e-09
3R	14717700	14779800	1075	6.206171947336181e-09
3R	14779800	14841900	978	1.530593902873667e-09
3R	14841900	14904000	712	1.5510108426366279e-09
3R	14904000	14966100	876	2.593995463237498e-09
3R	14966100	15028200	942	8.560217173882197e-10
3R	15028200	15090300	927	4.50616126474953e-09
3R	15090300	15152400	708	3.900960399955e-09
3R	15152400	15214500	888	3.604110585424736e-09
3R	15214500	15276600	487	6.221692476904281e-10
3R	15276600	15338700	615	2.7728542800794305e-09
3R	15338700	15400800	566	3.5306891225407698e-09
3R	15400800	15462900	803	8.684515280210887e-09
3R	15462900	15525000	841	7.71796670420395e-09
3R	15525000	15587100	632	0
3R	15587100	15649200	889	3.535549068538918e-09
3R	15649200	15711300	847	2.2446813691788142e-09
3R	15711300	15773400	736	2.601236524446202e-09
3R	15773400	15835500	726	3.4235950964433845e-09
3R	15835500	15897600	722	3.3302239314981536e-09
3R	15897600	15959700	528	3.2673681057772514e-09
3R	15959700	16021800	697	0
3R	16021800	16083900	703	4.411819683039243e-09
3R	16083900	16146000	626	5.865178278503815e-09
3R	16146000	16208100	904	3.5208816234754065e-09
3R	16208100	16270200	731	1.8888034839453704e-09
3R	16270200	16332300	701	1.7812837773457207e-09
3R	16332300	16394400	734	2.2174524182120715e-09
3R	16394400	16456500	851	2.8709393792410293e-09
3R	16456500	16518600	780	9.976104653471972e-10
3R	16518600	16580700	763	2.4844417002009067e-09
3R	16580700	16642800	468	3.7003941238326897e-09
3R	16642800	16704900	626	6.583060405132616e-10
3R	16704900	16767000	866	4.679638985849117e-09
3R	16767000	16829100	981	0
3R	16829100	16891200	1137	2.4395868808382946e-09
3R	16891200	16953300	855	2.475950553506662e-09
3R	16953300	17015400	800	1.10812565980843e-09
3R	17015400	17077500	667	0
3R	17077500	17139600	1229	7.38466560993625e-09
3R	17139600	17201700	1012	2.790776664709067e-09
3R	17201700	17263800	1053	3.983676074332996e-09
3R	17263800	17325900	969	4.850755808754087e-09
3R	17325900	17388000	1034	3.241212902990363e-09
3R	17388000	17450100	998	4.601433429525509e-10
3R	17450100	17512200	1136	4.3225098919625815e-09
3R	17512200	17574300	961	4.92239368156524e-09
3R	17574300	17636400	1121	1.5463845154893271e-09
3R	17636400	17698500	1197	7.038371713425293e-09
3R	17698500	17760600	1004	2.0308302672496868e-09
3R	17760600	17822700	984	3.195096766466686e-09
3R	17822700	17884800	1191	9.047959945243156e-09
3R	17884800	17946900	1065	1.5928634351323467e-09
3R	17946900	18009000	1130	1.778632297790896e-08
3R	18009000	18071100	1130	8.583116836770449e-09
3R	18071100	18133200	1267	1.3943277297526937e-08
3R	18133200	18195300	1112	6.7145580154705925e-09
3R	18195300	18257400	1419	1.2812499442836692e-08
3R	18257400	18319500	1299	5.466863753647535e-09
3R	18319500	18381600	1369	2.7553306199308044e-09
3R	18381600	18443700	923	2.65265401181602e-09
3R	18443700	18505800	1255	7.99621967198951e-09
3R	18505800	18567900	1214	7.85470561467275e-09
3R	18567900	18630000	1181	2.924138210348557e-09
3R	18630000	18692100	990	2.8678641464832467e-09
3R	18692100	18754200	954	6.4191357468991105e-09
3R	18754200	18816300	1301	5.037682338123103e-09
3R	18816300	18878400	1385	6.1702620343588815e-09
3R	18878400	18940500	1077	2.257880834251666e-09
3R	18940500	19002600	1222	9.6496913454691e-09
3R	19002600	19064700	1179	7.030936905813844e-09
3R	19064700	19126800	1268	6.00366596085131e-09
3R	19126800	19188900	1272	2.5921018027445757e-09
3R	19188900	19251000	1157	4.722417068407807e-09
3R	19251000	19313100	1139	2.925466917562748e-09
3R	19313100	19375200	1317	1.5203240339709946e-08
3R	19375200	19437300	1137	6.629234346036507e-09
3R	19437300	19499400	1158	1.817295898570267e-09
3R	19499400	19561500	1181	3.023720491857171e-09
3R	19561500	19623600	1249	1.4953095942229133e-09
3R	19623600	19685700	1107	2.0368931256961864e-09
3R	19685700	19747800	672	1.036955024698968e-09
3R	19747800	19809900	883	1.4814014104246552e-09
3R	19809900	19872000	1001	3.736854388910543e-09
3R	19872000	19934100	1004	2.149715906642045e-10
3R	19934100	19996200	1157	2.265749746122021e-09
3R	19996200	20058300	902	2.127083480133732e-09
3R	20058300	20120400	834	2.02944652482544e-09
3R	20120400	20182500	988	5.6133933156684155e-09
3R	20182500	20244600	1198	6.406547284974627e-09
3R	20244600	20306700	571	2.5035872142948353e-09
3R	20306700	20368800	1012	0
3R	20368800	20430900	873	5.0912563071930465e-09
3R	20430900	20493000	1155	1.4323324664063798e-09
3R	20493000	20555100	1003	5.1147574650542085e-09
3R	20555100	20617200	1057	2.8357482934971053e-09
3R	20617200	20679300	876	6.832134041497124e-10
3R	20679300	20741400	1164	1.8568201647303821e-09
3R	20741400	20803500	697	6.350838174388048e-09
3R	20803500	20865600	784	1.135261777102113e-08
3R	20865600	20927700	1203	1.212985814086472e-08
3R	20927700	20989800	1076	4.658234781807818e-09
3R	20989800	21051900	1134	4.013145744566276e-09
3R	21051900	21114000	1349	6.033098566555369e-09
3R	21114000	21176100	1327	2.334116955021315e-09
3R	21176100	21238200	1194	6.361634060899302e-09
3R	21238200	21300300	1017	0
3R	21300300	21362400	883	0
3R	21362400	21424500	1248	5.224872811866873e-09
3R	21424500	21486600	1075	2.991221638735746e-09
3R	21486600	21548700	1160	1.3821201378200168e-09
3R	21548700	21610800	774	1.7597672565492074e-09
3R	21610800	21672900	905	0
3R	21672900	21735000	1051	1.155181887573252e-09
3R	21735000	21797100	967	1.2821043136362739e-09
3R	21797100	21859200	1127	5.394829402690473e-09
3R	21859200	21921300	1392	1.906903329048248e-09
3R	21921300	21983400	1044	4.535615210637081e-09
3R	21983400	22045500	1142	8.756674302766238e-09
3R	22045500	22107600	1167	3.771662474519185e-09
3R	22107600	22169700	1083	5.466363944086828e-09
3R	22169700	22231800	800	7.324104977108164e-09
3R	22231800	22293900	881	5.6993785307907165e-09
3R	22293900	22356000	985	3.83493274906683e-09
3R	22356000	22418100	891	4.501668594540935e-09
3R	22418100	22480200	954	5.366512102365698e-09
3R	22480200	22542300	838	0
3R	22542300	22604400	1036	4.680620634289696e-09
3R	22604400	22666500	1422	5.359112674532143e-09
3R	22666500	22728600	1126	5.579061453101885e-09
3R	22728600	22790700	1417	0
3R	22790700	22852800	1058	1.1130642275352267e-09
3R	22852800	22914900	1176	7.216420164878348e-09
3R	22914900	22977000	1160	4.636530692030095e-09
3R	22977000	23039100	1098	5.117617049641979e-09
3R	23039100	23101200	1346	1.6689119869207889e-09
3R	23101200	23163300	1154	3.49639994034122e-09
3R	23163300	23225400	1353	1.245711518974242e-08
3R	23225400	23287500	1134	4.7450421555782925e-09
3R	23287500	23349600	1158	8.276500518790475e-09
3R	23349600	23411700	1234	3.9280489549777235e-09
3R	23411700	23473800	767	2.8401016909292336e-09
3R	23473800	23535900	886	3.751835197721102e-09
3R	23535900	23598000	948	6.413057764439381e-10
3R	23598000	23660100	1026	1.560527441305985e-09
3R	23660100	23722200	1028	9.239093298678745e-09
3R	23722200	23784300	998	1.3200884324156314e-08
3R	23784300	23846400	844	5.155120737375778e-09
3R	23846400	23908500	868	5.207307594518819e-09
3R	23908500	23970600	979	4.04079925286773e-09
3R	23970600	24032700	1072	6.260452388796427e-09
3R	24032700	24094800	1036	4.3173815089194694e-09
3R	24094800	24156900	854	7.582207796173136e-10
3R	24156900	24219000	743	1.7352934355878853e-09
3R	24219000	24281100	717	1.5460358107131148e-10
3R	24281100	24343200	768	1.3548608613293675e-09
3R	24343200	24405300	919	1.4598601799419947e-09
3R	24405300	24467400	1027	3.5925116341136954e-09
3R	24467400	24529500	1233	3.990239865507753e-09
3R	24529500	24591600	1244	4.5296871322968396e-09
3R	24591600	24653700	698	6.2511750248156785e-09
3R	24653700	24715800	828	1.1298070577267248e-08
3R	24715800	24777900	1061	2.0125765481921647e-09
3R	24777900	24840000	900	5.458410794650062e-09
3R	24840000	24902100	854	2.45024798724329e-09
3R	24902100	24964200	800	3.2654609672737037e-09
3R	24964200	25026300	932	1.926437820269801e-08
3R	25026300	25088400	888	6.026173115428819e-09
3R	25088400	25150500	923	2.264720924644251e-09
3R	25150500	25212600	1022	2.3288897332336157e-09
3R	25212600	25274700	848	9.351016983999109e-10
3R	25274700	25336800	858	1.6356179311724432e-09
3R	25336800	25398900	881	2.6594884863708455e-09
3R	25398900	25461000	1118	3.0046345056435063e-09
3R	25461000	25523100	897	3.658926777807356e-09
3R	25523100	25585200	1139	1.334140325502187e-08
3R	25585200	25647300	1095	3.842140115248968e-09
3R	25647300	25709400	1087	2.5051540330300823e-09
3R	25709400	25771500	787	1.4751633378400214e-09
3R	25771500	25833600	975	2.0277011224494013e-09
3R	25833600	25895700	733	2.1955922081446e-09
3R	25895700	25957800	980	6.167227235632975e-09
3R	25957800	26019900	748	2.151883019685177e-09
3R	26019900	26082000	867	5.920503866120081e-10
3R	26082000	26144100	724	3.793572103958951e-09
3R	26144100	26206200	1050	3.52872919516227e-09
3R	26206200	26268300	884	3.888489870623492e-09
3R	26268300	26330400	912	2.897794315412907e-09
3R	26330400	26392500	723	3.4868384149697785e-09
3R	26392500	26454600	914	2.8499619788695473e-09
3R	26454600	26516700	790	3.8020980688473125e-09
3R	26516700	26578800	701	9.010412453974824e-09
3R	26578800	26640900	990	9.989114826063562e-09
3R	26640900	26703000	999	6.343744248128675e-09
3R	26703000	26765100	720	2.2339742129041784e-09
3R	26765100	26827200	804	3.340701961592149e-09
3R	26827200	26889300	972	4.49882248796379e-09
3R	26889300	26951400	1360	6.7593948641523725e-09
3R	26951400	27013500	1151	1.2650310436760612e-09
3R	27013500	27075600	1165	1.6316722435617438e-09
3R	27075600	27137700	1130	5.708357132202595e-09
3R	27137700	27199800	1038	3.5191979953147367e-09
3R	27199800	27261900	767	1.3755990270122411e-09
3R	27261900	27324000	804	3.1122721448361314e-09
3R	27324000	27386100	774	5.8365824326261065e-09
3R	27386100	27448200	887	5.467590443053775e-09
3R	27448200	27510300	1086	5.421253042522325e-09
3R	27510300	27572400	930	3.499390935532593e-09
3R	27572400	27634500	1099	7.98567930609637e-09
3R	27634500	27696600	1212	5.943782036473394e-09
3R	27696600	27758700	945	1.7240923554875234e-08
3R	27758700	27820800	713	2.4213275459430116e-09
3R	27820800	27882900	680	6.765334174168134e-09
3R	27882900	27945000	787	3.5209973097332785e-09
3R	27945000	28007100	843	3.5759797309136174e-09
3R	28007100	28069200	916	3.532549088007128e-09
3R	28069200	28131300	798	2.813543270991123e-09
3R	28131300	28193400	744	3.829729113797725e-09
3R	28193400	28255500	734	9.096371836243425e-09
3R	28255500	28317600	950	1.3185638167011558e-08
3R	28317600	28379700	860	8.860379732358791e-09
3R	28379700	28441800	871	1.2401453813776808e-08
3R	28441800	28503900	724	4.9364400149724124e-09
3R	28503900	28566000	831	2.419664134798279e-09
3R	28566000	28628100	871	4.692708163485921e-09
3R	28628100	28690200	988	4.124902039172631e-09
3R	28690200	28752300	916	3.4360218222403593e-09
3R	28752300	28814400	744	8.67595730504729e-09
3R	28814400	28876500	964	6.141488728007934e-09
3R	28876500	28938600	971	9.117494125229135e-09
3R	28938600	29000700	924	6.872291173824158e-09
3R	29000700	29062800	600	3.674670217385825e-09
3R	29062800	29124900	660	4.50869063807697e-09
3R	29124900	29187000	898	2.651816128822118e-09
3R	29187000	29249100	1167	3.340873806227627e-09
3R	29249100	29311200	1271	2.5966146899691096e-09
3R	29311200	29373300	1254	6.065369416663708e-09
3R	29373300	29435400	1265	1.2056894368758255e-08
3R	29435400	29497500	1208	5.9958127733266854e-09
3R	29497500	29559600	1201	7.013441324854023e-09
3R	29559600	29621700	1313	1.252751589349488e-08
3R	29621700	29683800	1453	3.695649864092412e-09
3R	29683800	29745900	1533	6.782664649497791e-09
3R	29745900	29808000	1123	6.998454338621925e-09
3R	29808000	29870100	992	1.0047610515347024e-08
3R	29870100	29932200	1093	1.7296667624051874e-08
3R	29932200	29994300	1454	1.862130960348684e-08
3R	29994300	30056400	1267	8.022335002328297e-09
3R	30056400	30118500	1295	5.9140428060275986e-09
3R	30118500	30180600	1593	2.2406511031765648e-08
3R	30180600	30242700	1634	1.6578062760302492e-08
3R	30242700	30304800	1543	1.0054075467777192e-08
3R	30304800	30366900	1069	1.964315550877655e-08
3R	30366900	30429000	802	1.5080665312802194e-09
3R	30429000	30491100	1479	6.8896924087095985e-09
3R	30491100	30553200	1502	1.7770202333177645e-09
3R	30553200	30615300	1456	2.900766216755892e-09
3R	30615300	30677400	1436	5.828819098505654e-09
3R	30677400	30739500	1006	3.2714598051697292e-09
3R	30739500	30801600	1138	3.98957495031688e-09
3R	30801600	30863700	1188	1.0307738366759783e-08
3R	30863700	30925800	960	4.57408032979552e-09
3R	30925800	30987900	1014	2.2769825448110593e-09
3R	30987900	31050000	1013	2.9803224208096948e-09
3R	31050000	31112100	887	1.215127586166538e-09
3R	31112100	31174200	1080	2.654700423096036e-09
3R	31174200	31236300	869	8.82827791896705e-09
3R	31236300	31298400	840	3.675464296845195e-09
3R	31298400	31360500	931	7.766736885653353e-09
3R	31360500	31422600	750	5.491491448563501e-09
3R	31422600	31484700	634	1.0167463163253044e-08
3R	31484700	31546800	684	2.9818813773720774e-09
3R	31546800	31608900	556	5.672243925898354e-09
3R	31608900	31671000	632	8.952125673856062e-09
3R	31671000	31733100	434	2.3800387835584697e-09
3R	31733100	31795200	318	2.437601120606095e-09
3R	31795200	31857300	359	0
3R	31857300	31919400	307	5.798891175911099e-09
3R	31919400	31981500	370	2.3780395453156465e-09
3R	31981500	32043600	223	2.6365477891182063e-09
3R	32043600	32079331	95	3.907775780661438e-09
