sampleId	In_2L_t	In_2R_Ns	In_3L_P	In_3R_C	In_3R_K	In_3R_Mo	In_3R_Payne
AT_Kar_See_1_2014-08-17	0.3183	0.0189	0.0313	0	0.027	0.0421	0.066
AT_Kar_See_1_2016-08-01	0.2895	0.068	0.0247	0.0408	0.0141	0.035	0.1753
AT_Nie_Mau_1_2014-07-20	0.2075	0.0417	0.0211	0	0	0.0196	0.0741
AT_Nie_Mau_1_2014-10-19	0.1667	0.0571	0.031	0	0	0.0143	0.0448
AT_Nie_Mau_1_2015-07-20	0.1977	0.0886	0.0108	0.0441	0	0.03	0.015
AT_Nie_Mau_1_2015-10-19	0.2786	0.0936	0.0094	0.0159	0	0.0331	0.0272
AT_Wie_Gro_1_2012-08-03	0.1	0.0377	0.0769	0.0278	0	0	0.0526
AT_Wie_Gro_1_2012-10-20	0.2404	0.0889	0.0189	0.0204	0	0.0177	0.0348
AU_Que_Inn_-1_2014-02-15	0.2879	0.0551	0.1548	0	0	0	0.7
AU_Que_Inn_0_2014-02-15	0.2337	0.1025	0.1045	0	0	0	0.5926
AU_Que_Inn_1_2014-02-15	0.2	0.1339	0.0625	0	0	0	1
AU_Que_Inn_1_-MM-DD	0.0526	0.0345	0	0	0	0.1818	0.0192
AU_Que_Inn_10_2014-02-15	0.1111	0	0.1538	0	0	0	0.8333
AU_Que_Inn_11_2014-02-15	0	0	0.1429	0	0	0	1
AU_Que_Inn_12_2014-02-15	0.1548	0	0	0	0	0	0.75
AU_Que_Inn_13_2014-02-15	0.3333	0	0.1429	0	0	0	0.7071
AU_Que_Inn_14_2014-02-15	0.2	0	0.0333	0	0	0	0.6667
AU_Que_Inn_15_2014-02-15	0.3333	0	0.1667	0	0	0	0.7778
AU_Que_Inn_16_2014-02-15	0.2679	0	0	0	0	0	0.6
AU_Que_Inn_17_2014-02-15	0.2917	0	0.1056	0	0	0	0.5625
AU_Que_Inn_18_2014-02-15	0.2143	0.1111	0.125	0	0	0	0.4615
AU_Que_Inn_19_2014-02-15	0.2679	0.0714	0.1111	0	0	0	0.6396
AU_Que_Inn_2_2014-02-15	0	0	0	0	0	0	0.7143
AU_Que_Inn_20_2014-02-15	0.25	0.2	0.0769	0	0	0	0.4
AU_Que_Inn_3_2014-02-15	0.3077	0	0	0	0	0	0.8
AU_Que_Inn_4_2014-02-15	0.3333	0	0.0871	0	0	0	0.8333
AU_Que_Inn_5_2014-02-15	0.25	0.0769	0.125	0	0	0	0.6667
AU_Que_Inn_6_2014-02-15	0.364	0.1176	0	0	0	0	0.6
AU_Que_Inn_7_2014-02-15	0.3	0	0.0909	0	0	0	0.6333
AU_Que_Inn_8_2014-02-15	0.2111	0.125	0.1484	0	0	0	0.5278
AU_Que_Inn_9_2014-02-15	0.1667	0	0.3333	0	0	0	0.7417
AU_Que_Isl_0_2014-03-15	0.1976	0.0943	0.0588	0.0112	0	0	0.2843
AU_Que_Isl_1_2014-03-15	0.125	0.125	0	0	0	0	0.3875
AU_Que_Isl_10_2014-03-15	0.1667	0	0	0	0	0	0.3818
AU_Que_Isl_2_2014-03-15	0.2222	0.2	0	0	0	0	0.2857
AU_Que_Isl_3_2014-03-15	0.25	0.1111	0	0	0	0	0.3143
AU_Que_Isl_4_2014-03-15	0.2222	0	0	0	0	0	0.1429
AU_Que_Isl_5_2014-03-15	0.2857	0.0333	0.0833	0	0	0	0.1548
AU_Que_Isl_6_2014-03-15	0.0833	0.0833	0	0	0	0	0.5
AU_Que_Isl_7_2014-03-15	0.1429	0	0	0	0	0	0.2111
AU_Que_Isl_8_2014-03-15	0.1429	0.0742	0	0	0	0	0.2083
AU_Que_Isl_9_2014-03-15	0.3667	0	0	0	0	0	0.2
AU_Que_Que_1_2004-07-01	0.3846	0.0667	0.2183	0	0	0	0.3741
AU_Que_Que_2_2004-07-01	0.3333	0	0.1667	0	0	0	0.4583
AU_Que_Yep_0_2014-05-16	0.1692	0.0504	0	0	0	0	0.4133
AU_Que_Yep_1_2014-05-16	0.1909	0	0	0	0	0	0.3877
AU_Que_Yep_10_2014-05-16	0.2071	0	0	0	0	0	0.3077
AU_Que_Yep_2_2014-05-16	0.1818	0	0	0	0	0	0.4
AU_Que_Yep_3_2014-05-16	0.1111	0	0	0	0	0	0.4286
AU_Que_Yep_4_2014-05-16	0.1603	0	0	0	0	0	0.4
AU_Que_Yep_5_2014-05-16	0.1667	0	0	0	0	0	0.4
AU_Que_Yep_6_2014-05-16	0.0357	0.2	0	0	0	0	0.5385
AU_Que_Yep_7_2014-05-16	0.1667	0	0	0	0	0	0.5357
AU_Que_Yep_8_2014-05-16	0.1	0	0	0	0	0	0.2679
AU_Que_Yep_9_2014-05-16	0.1667	0	0	0	0	0	0.25
AU_Sou_MtG_0_2014-04-16	0.0454	0.0625	0	0.0339	0.0525	0	0
AU_Sou_MtG_1_2014-04-16	0.101	0.125	0	0.1742	0.1625	0	0
AU_Sou_MtG_10_2014-04-16	0	0	0	0	0	0	0
AU_Sou_MtG_2_2014-04-16	0	0	0	0	0	0	0
AU_Sou_MtG_3_2014-04-16	0	0	0	0	0	0	0
AU_Sou_MtG_4_2014-04-16	0	0	0	0	0	0	0
AU_Sou_MtG_5_2014-04-16	0	0	0	0	0	0	0
AU_Sou_MtG_6_2014-04-16	0	0	0	0	0	0	0
AU_Sou_MtG_7_2014-04-16	0	0	0	0	0	0	0
AU_Sou_MtG_8_2014-04-16	0	0	0	0	0	0	0
AU_Sou_MtG_9_2014-04-16	0	0	0	0	0	0	0
AU_Tas_Hil_0_2014-04-16	0	0	0	0	0	0	0.0714
AU_Tas_Hil_1_2014-04-16	0	0	0	0	0	0	0.1214
AU_Tas_Hil_10_2014-04-16	0	0	0	0	0	0	0.0885
AU_Tas_Hil_2_2014-04-16	0	0	0	0	0	0	0
AU_Tas_Hil_3_2014-04-16	0	0	0	0	0	0	0
AU_Tas_Hil_4_2014-04-16	0	0	0	0	0	0	0
AU_Tas_Hil_5_2014-04-16	0	0	0	0	0	0	0
AU_Tas_Hil_6_2014-04-16	0	0	0	0	0	0	0.1548
AU_Tas_Hil_7_2014-04-16	0	0	0	0	0	0	0.0955
AU_Tas_Hil_8_2014-04-16	0	0	0	0	0	0	0
AU_Tas_Hil_9_2014-04-16	0	0	0	0	0	0	0
AU_Tas_Luc_0_2014-04-16	0.009	0.0127	0	0	0	0	0.0204
AU_Tas_Luc_1_2014-04-16	0	0	0	0	0	0	0
AU_Tas_Luc_10_2014-04-16	0	0	0	0	0	0	0
AU_Tas_Luc_2_2014-04-16	0	0	0	0	0	0	0
AU_Tas_Luc_3_2014-04-16	0	0	0	0	0	0	0
AU_Tas_Luc_4_2014-04-16	0	0	0	0	0	0	0
AU_Tas_Luc_5_2014-04-16	0	0	0	0	0	0	0.1429
AU_Tas_Luc_6_2014-04-16	0	0	0	0	0	0	0
AU_Tas_Luc_7_2014-04-16	0	0	0	0	0	0	0
AU_Tas_Luc_8_2014-04-16	0	0	0	0	0	0	0
AU_Tas_Luc_9_2014-04-16	0	0	0	0	0	0	0
AU_Tas_Sor_1_2004-07-01	0	0.1667	0.1538	0	0	0	0.0909
AU_Tas_Tas_1_2004-07-01	0	0	0	0	0	0	0
AU_Tas_Tas_2_2004-07-01	0.0385	0	0	0	0	0	0
AU_Vic_Ham_0_2014-05-16	0.0464	0.0824	0	0	0	0	0
AU_Vic_Ham_1_2014-05-16	0.1111	0	0	0	0	0	0
AU_Vic_Ham_10_2014-05-16	0	0	0	0	0	0	0
AU_Vic_Ham_2_2014-05-16	0.0833	0	0	0	0	0	0
AU_Vic_Ham_3_2014-05-16	0	0.0714	0	0	0	0	0
AU_Vic_Ham_4_2014-05-16	0	0.1111	0	0	0	0	0
AU_Vic_Ham_5_2014-05-16	0	0.2727	0	0	0	0	0
AU_Vic_Ham_6_2014-05-16	0	0.1111	0	0	0	0	0
AU_Vic_Ham_7_2014-05-16	0.0385	0.1111	0	0	0	0	0
AU_Vic_Ham_8_2014-05-16	0	0	0	0	0	0	0
AU_Vic_Ham_9_2014-05-16	0.0385	0.0588	0	0	0	0	0
AU_Vic_Mel_1_2021-04-19	0.3896	0.0076	0	0.0811	0.1837	0.3333	0.0667
AU_Vic_Tah_1_2017-12-04	0.0597	0.0227	0	0	0	0	0.0627
AU_Vic_Yer_1_-MM-DD	0.4	0.1	0.111111111	0	0	0	0.300904977
BR_Rio_San_1_2020-01-06	0.1212	0	0.317	0	0	0	0.1892
BR_Sao_USP_1_2019-09-15	0.7571	0	0	0	0	0	0.4795
BY_Bre_Bre_1_2015-09-11	0.1455	0.0377	0.0339	0	0	0	0.028
CA_New_StJ_0_2013-10-15	0.0467	0	0	0	0	0.1416	0
CA_New_StJ_1_2013-10-15	0	0	0	0	0	0.1667	0
CA_New_StJ_10_2013-10-15	0	0	0	0	0	0	0
CA_New_StJ_2_2013-10-15	0.1111	0	0	0	0	0.1429	0
CA_New_StJ_3_2013-10-15	0	0	0	0	0	0.1111	0
CA_New_StJ_4_2013-10-15	0	0	0	0	0	0.125	0
CA_New_StJ_5_2013-10-15	0	0	0	0	0	0.1429	0
CA_New_StJ_6_2013-10-15	0	0	0	0	0	0.1667	0
CA_New_StJ_7_2013-10-15	0	0	0	0	0	0.1111	0
CA_New_StJ_8_2013-10-15	0	0	0	0	0	0.1667	0
CA_New_StJ_9_2013-10-15	0	0	0	0	0	0.125	0
CA_Nov_Gas_0_2013-10-15	0.0533	0.0224	0	0	0	0.125	0
CA_Nov_Gas_1_2013-10-15	0	0	0	0	0	0.1765	0
CA_Nov_Gas_10_2013-10-15	0	0	0	0	0	0	0
CA_Nov_Gas_2_2013-10-15	0	0	0	0	0	0.1111	0
CA_Nov_Gas_3_2013-10-15	0.0909	0	0	0	0	0.1056	0
CA_Nov_Gas_4_2013-10-15	0	0	0	0	0	0	0
CA_Nov_Gas_5_2013-10-15	0	0	0	0	0	0.1053	0
CA_Nov_Gas_6_2013-10-15	0.0455	0	0	0	0	0.2	0
CA_Nov_Gas_7_2013-10-15	0.0833	0	0	0	0	0.0952	0
CA_Nov_Gas_8_2013-10-15	0.0455	0	0	0	0	0.1	0
CA_Nov_Gas_9_2013-10-15	0.0417	0	0	0	0	0	0
CA_Ont_Sud_1_2015-08-03	0.139	0.0086	0	0.036	0.0041	0.0442	0.0229
CA_Ont_Sud_1_2015-09-30	0.1421	0.0302	0	0.0143	0.0122	0.0381	0.0364
CH_Fri_Ors_1_2020-08-23	0.3234	0.1172	0.052	0	0	0.0946	0.0956
CH_Vau_Cha_1_2014-07-24	0.451	0.0909	0.0538	0.0144	0.0323	0.027	0.1456
CH_Vau_Cha_1_2014-10-05	0.3759	0.0635	0.0714	0.0236	0.0286	0.0247	0.0283
CH_Vau_Cha_1_2015-08-01	0.3174	0.0882	0.0614	0.0204	0	0	0.3015
CH_Vau_Cha_1_2016-08-15	0.3953	0.1154	0.0172	0.0313	0.0222	0.0179	0.1338
CH_Vau_Vul_1_2018-09-18	0.2	0.0952	0.037	0.015	0	0	0.0632
CH_Vau_Vul_1_2019-07-17	0.2753	0.0909	0.0789	0.0392	0	0.029	0.1077
CH_Vau_Vul_1_2019-09-24	0.2226	0.1325	0.0513	0.0524	0	0.0208	0.0469
CH_Vau_Vul_1_2020-07-29	0.2801	0.1389	0.013	0.0333	0.0204	0	0.1445
CH_Vau_Vul_1_2020-09-15	0.389	0.1077	0.0364	0.0292	0	0	0.1343
CM_Nor_Oku_1_2004-04-15	0.1	0	0	0	0.9	0	0.1
CN_Bei_Bei_1_1992-09-16	0	0	0.125	0	0	0	0
CO_Cun_LaV_1_2019-02-21	0.087	0.1176	0.0328	0	0.0313	0	0.4843
CO_Cun_Tab_1_2019-12-20	0.2364	0.1782	0	0.1026	0.0122	0	0.2183
CO_Mag_Sie_1_2019-07-24	0.069	0.0217	0	0	0	0	0.7937
CO_Tol_Gir_1_2019-04-04	0.2232	0.2934	0.1053	0	0	0	0.7778
CO_Tol_Mel_1_2019-06-11	0.2871	0.2979	0.102	0	0	0	0.7368
CY_Nic_Nic_1_2014-08-10	0.3235	0	0.1444	0.1176	0	0	0.1411
DE_Bad_Bro_1_2014-06-26	0.2092	0.0385	0.0125	0.0217	0	0.0256	0.0624
DE_Bad_Bro_1_2014-10-15	0.0959	0.0435	0.0133	0.0123	0	0.0145	0.0395
DE_Bad_Bro_1_2015-06-30	0.2831	0.0723	0	0.0177	0.0112	0.0068	0.0667
DE_Bad_Bro_1_2015-10-25	0.2023	0.0545	0.0251	0.015	0	0	0.0832
DE_Bad_Bro_1_2016-07-24	0.0635	0.0137	0.0127	0.0147	0	0	0.0963
DE_Bad_Bro_1_2016-10-23	0.1071	0.0288	0	0.0163	0	0	0
DE_Bad_Bro_1_2017-06-27	0.0872	0.0196	0	0	0	0	0
DE_Bad_Bro_1_2018-06-26	0.1639	0.0222	0.0217	0.0541	0	0	0.0588
DE_Bad_Bro_1_2019-07-03	0.1184	0.0308	0	0.032	0	0	0
DE_Bad_Bro_1_2020-07-16	0.4	0	0.1623	0	0	0	0.0833
DE_Bad_Bro_1_2020-10-24	0.0833	0	0.1132	0	0	0	0.1053
DE_Bad_Bro_1_2021-07-21	0.1559	0.0444	0	0	0	0	0.0254
DE_Bad_Bro_1_2021-10-20	0.1019	0.0305	0.0357	0	0	0	0.0715
DE_Bad_Wal_1_2019-10-02	0.0926	0.027	0.1148	0.0357	0.0233	0	0.0435
DE_Bad_Wal_1_2020-10-02	0.3871	0.1111	0.0513	0	0	0.0345	0.0294
DE_Bay_Mun_1_2014-06-19	0.3621	0.1351	0	0	0	0.0198	0.0284
DE_Bay_Mun_1_2014-09-03	0.4936	0.0974	0.0278	0.0222	0	0	0.0164
DE_Bay_Mun_1_2015-06-01	0.3377	0.0415	0.0161	0.0204	0	0	0.079
DE_Bay_Mun_1_2015-09-01	0.1875	0.1326	0	0.025	0	0.0333	0.032
DE_Bay_Mun_1_2016-06-25	0.1642	0.1471	0	0.0169	0	0.0685	0.0139
DE_Bay_Mun_1_2016-09-01	0.2769	0.0723	0	0	0	0.05	0.0317
DE_Bay_Mun_1_2017-06-20	0.1897	0.0808	0	0	0	0.0719	0
DE_Bay_Mun_1_2017-09-03	0.4516	0.034	0.0331	0	0	0.0435	0.0356
DE_Bay_Mun_1_2018-06-25	0.2172	0.0741	0.0286	0	0	0	0.0303
DE_Bay_Mun_1_2018-09-09	0.3215	0.0815	0.05	0	0	0.0222	0
DE_Bay_Mun_1_2019-06-22	0.3254	0.0763	0.05	0.0212	0	0	0.0233
DE_Bay_Mun_1_2019-09-02	0.3846	0.1143	0	0.0299	0	0	0.1107
DE_Bay_Mun_1_2020-06-25	0.452	0.0278	0.0313	0	0	0.0333	0.05
DE_Bay_Mun_1_2020-09-05	0.375	0.0449	0.0357	0.0227	0	0.0357	0.0884
DE_Bay_Mun_1_2021-06-25	0.4091	0.056	0	0.0189	0	0.0286	0.0294
DE_Bay_Mun_1_2021-09-04	0.3912	0.0556	0.0299	0	0	0	0.0278
DE_Bay_Wue_1_2020-07-18	0.3215	0.0999	0.0184	0	0	0.1087	0.2125
DE_Bay_Wue_1_2020-09-23	0.2712	0.0765	0.0267	0	0	0.0508	0.0517
DE_Bay_Wue_1_2021-07-27	0.2439	0.0385	0	0.0396	0	0.0404	0.0938
DE_Bay_Wue_1_2021-10-18	0.1429	0.0769	0.0417	0.0161	0	0.0256	0.0721
DE_Bra_Ber_1_2021-07-24	0.0871	0	0	0	0	0	0
DE_Bra_Ber_2_2021-07-24	0.1717	0.0213	0	0.0118	0	0	0.0118
DK_Mid_Kar_1_2014-09-01	0.0678	0.0698	0	0.0149	0	0	0
DK_Mid_Kar_1_2014-11-25	0.0612	0.04	0	0	0	0.0244	0
DK_Mid_Kar_1_2016-06-08	0.3523	0.0921	0	0	0	0	0
DK_Mid_Kar_1_2016-09-15	0.1344	0.0769	0	0	0	0	0
DK_Mid_Kar_1_2016-11-22	0.125	0.0663	0	0	0	0	0
DK_Mid_Kar_1_2017-08-08	0.052	0.0395	0	0	0	0	0
DK_Mid_Kar_1_2018-06-30	0.1613	0	0.016	0	0	0	0.0292
DK_Mid_Kar_1_2018-10-05	0.0415	0	0	0	0	0	0
DK_Mid_Kar_1_2019-07-09	0.1132	0.0554	0	0	0	0	0
DK_Mid_Kar_1_2019-10-01	0.0523	0	0	0.0056	0	0.012	0
DK_Mid_Kar_1_2020-07-31	0.0769	0.1111	0	0	0	0	0
DK_Mid_Kar_1_2020-10-31	0.0588	0.0725	0	0	0	0	0
EC_Pic_Con_1_2019-06-26	0.2885	0	0.1288	0.0156	0.0152	0.1618	0.0532
EG_Al_Cai_1_2011-01-16	0.4706	0.1905	0	0.1111	0.1	0.4444	0
ES_Bal_Tom_1_2021-10-07	0.156862745	0.015151515	0.043478261	0.05	0	0	0.033986175
ES_Bar_Bar_1_2012-07-13	0.4484	0.0541	0.0465	0.0526	0	0.087	0.0667
ES_Bar_Bar_1_2012-10-16	0.4138	0.0594	0.0403	0.075	0.0625	0.117	0.1237
ES_Ciu_Man_1_2020-08-10	0.2854	0.0213	0.0625	0.0385	0	0	0.114
ES_Ciu_Tom_1_2015-09-17	0.3226	0.0448	0.0938	0.0309	0	0	0.0826
ES_Ciu_Tom_1_2015-10-08	0.1891	0.0694	0.0484	0.0496	0	0	0.0375
ES_Ciu_Tom_1_2016-09-02	0.1541	0.0127	0.0355	0.0328	0	0	0
ES_Ciu_Tom_1_2016-10-11	0.2232	0.0182	0.063	0.0515	0	0	0.0233
ES_Ciu_Tom_1_2017-10-04	0.2899	0	0.0556	0.0652	0	0	0.0527
ES_Ciu_Tom_1_2018-10-03	0.1723	0.0241	0.0483	0.0313	0	0	0.0896
ES_Ciu_Tom_1_2020-09-30	0.2857	0	0.0476	0.0455	0	0	0
ES_Gra_Ben_1_2016-10-08	0.098	0.0536	0.0357	0	0	0	0.0926
ES_Gra_Ben_1_2017-10-05	0.2687	0.069	0.0769	0.099	0	0	0.0556
ES_Gra_Cor_1_2015-08-08	0.2971	0	0.1338	0.029	0	0	0.0374
ES_Gra_Cor_1_2017-07-28	0.2381	0.0227	0.0455	0.037	0	0	0.1005
ES_Gra_Gua_1_2015-09-12	0.2589	0.0294	0.0595	0.0668	0.0194	0	0.0709
ES_Gra_Pur_1_2016-08-30	0.2293	0.0476	0.0536	0.0085	0	0	0.0816
ES_Ler_Gim_1_2014-08-13	0.3056	0	0.1026	0.0952	0	0	0.0767
ES_Ler_Gim_1_2014-10-20	0.177	0.023	0.0926	0.1023	0	0	0.2382
ES_Ler_Gim_1_2015-06-28	0.2667	0	0.08	0.0947	0	0	0.2134
ES_Ler_Gim_1_2015-10-22	0.2276	0	0.0611	0.1765	0	0	0.197
ES_Ler_Gim_1_2016-08-25	0.3043	0	0.0526	0.2	0	0	0.0714
ES_Ler_Gim_1_2016-10-21	0.303	0	0.0974	0.1	0	0	0.2348
ES_Ler_Gim_1_2017-07-24	0.1449	0.0431	0.1429	0.0404	0	0	0.3457
ES_Ler_Gim_1_2017-10-14	0.2525	0	0.1216	0.0945	0	0	0.42
ES_Ler_Gim_1_2018-08-25	0.2885	0	0.0781	0.0588	0	0	0.2807
ES_Ler_Gim_1_2018-10-26	0.2727	0.025	0.08	0.109	0	0	0.2655
ES_Ler_Gim_1_2019-08-25	0.2058	0	0.0815	0.0459	0	0	0.193
ES_Ler_Gim_1_2020-10-26	0.3098	0	0.1788	0.0274	0	0	0.3228
ES_Ler_Gim_1_2021-08-31	0.0909	0	0	0	0	0	0.25
ES_Ler_Pin_1_2018-10-10	0.199	0	0.0556	0.0313	0	0	0.2105
ES_Mad_Yep_1_2018-11-06	0.2071	0.0274	0.0557	0.0445	0	0	0.0942
ES_Tol_Vil_1_2018-10-07	0.1847	0.018	0.0727	0.0238	0.0179	0	0.0819
ES_Zam_Ose_1_2018-09-20	0.2941	0	0.1307	0	0	0	0.0871
ET_Amh_Deb_1_2011-12-16	0	0	0	0	0	0	0
ET_Gam_Gam_1_2011-12-16	0	0	0	0	0	0	0
ET_Oro_Dod_1_2008-12-16	0	0	0	0	0	0	0
ET_Oro_Fic_1_2011-12-16	0	0	0	0	0	0	0
ET_Sou_Bon_1_2011-12-16	0	0	0	0	0.2	0	0
FI_Cen_Jyv_1_2019-09-19	0.4051	0.125	0	0	0	0	0
FI_Cen_Ves_1_2014-07-26	0.2931	0	0	0	0	0.0132	0.0146
FI_Cen_Ves_1_2016-07-29	0.2958	0.092	0	0	0.011	0	0.0303
FI_Pir_Aka_1_2014-07-25	0.2273	0.0345	0.0175	0	0	0	0
FI_Pir_Aka_1_2014-08-27	0.2441	0.0222	0	0	0	0	0.0193
FI_Pir_Aka_1_2015-07-21	0.3529	0.0627	0	0	0	0	0.0241
FI_Pir_Aka_1_2015-10-01	0.2893	0.0698	0.008	0	0	0.0286	0
FI_Pir_Aka_1_2016-07-24	0.2686	0.0572	0.0578	0	0	0	0
FI_Pir_Aka_1_2016-09-17	0.2733	0.0633	0.0137	0	0	0	0.0366
FI_Pir_Aka_1_2017-07-20	0.3495	0.1017	0	0	0	0	0
FI_Pir_Aka_1_2017-09-25	0.1703	0.098	0.0435	0	0	0	0
FI_Pir_Aka_1_2018-07-17	0.3913	0.0417	0	0	0	0	0.0207
FI_Pir_Aka_1_2018-09-20	0.2459	0.0678	0	0	0	0	0.0364
FI_Pir_Aka_1_2019-07-19	0.1923	0.0179	0	0	0	0	0.02
FI_Pir_Aka_1_2019-08-25	0.3749	0.0851	0.0192	0	0	0	0
FI_Pir_Aka_1_2020-06-28	0.2922	0.1379	0	0	0	0	0.0198
FI_Pir_Aka_1_2020-10-04	0.2148	0	0	0	0	0	0
FI_Pir_Aka_1_2021-07-07	0.2069	0.0515	0	0	0	0	0
FI_Pir_Aka_1_2021-09-17	0.1421	0.0556	0	0	0	0	0
FR_Ain_Civ_1_2019-06-15	0.1	0.0494	0	0.0139	0	0	0
FR_Ain_Ver_1_2017-09-21	0.15	0	0.037	0.0308	0	0	0.049
FR_Cot_Mar_1_2020-08-02	0.2183	0.0645	0	0	0.0238	0.0377	0
FR_Cot_Vie_1_2019-10-19	0.3928	0.0612	0.0508	0	0.0192	0	0.0882
FR_Cot_Vie_1_2020-08-03	0.309	0.0445	0.0444	0.05	0	0.0385	0.0448
FR_Cot_Vie_1_2021-08-11	0.2556	0	0	0	0	0.0551	0.1558
FR_Dro_Got_1_2014-07-08	0.0388	0	0.0238	0.0364	0	0.0122	0.0106
FR_Dro_Got_1_2015-05-21	0.0592	0	0	0.0286	0	0	0.0256
FR_Dro_Got_1_2015-09-09	0.0078	0	0.0385	0.037	0	0	0.0835
FR_Dro_Got_1_2015-10-13	0.0806	0	0.0244	0	0	0	0.0889
FR_Dro_Got_1_2016-06-13	0.1111	0	0	0	0	0	0.0393
FR_Ess_Vil_1_2014-08-18	0.1373	0.0375	0.0411	0.0405	0	0.0263	0.0357
FR_Ess_Vil_1_2014-10-27	0.0656	0.0121	0.0383	0	0.02	0.0139	0.0805
FR_Ess_Vil_1_2015-08-10	0.3024	0.0598	0.0315	0.0701	0	0	0.08
FR_Ess_Vil_1_2015-10-14	0.1817	0.0396	0.0916	0.0333	0	0.0422	0.0334
FR_Ess_Vil_1_2016-08-12	0.2436	0.0256	0.0839	0.0339	0	0.0411	0.175
FR_Ess_Vil_1_2017-08-24	0.2133	0.0141	0.0333	0.0204	0	0.0385	0.1316
FR_Ess_Vil_1_2017-10-17	0.2064	0.0625	0.0639	0	0.013	0.019	0.175
FR_Eur_Sai_1_2018-09-15	0.09	0	0	0	0	0	0.069
FR_Gua_Des_1_2015-12-16	0	0.0094	0	0	0	0	0.4824
FR_Gua_Sai_1_2015-12-23	0.0329	0	0.0672	0	0.1026	0	0.4167
FR_Hau_Civ_1_2018-06-16	0.1196	0	0.0181	0.027	0	0	0.0426
FR_Hau_Civ_1_2018-09-15	0	0	0	0	NA	0	NA
FR_Her_Sai_1_2020-11-12	0.1957	0.0469	0.0246	0	0	0.0494	0.1964
FR_Her_Sai_1_2021-06-10	0.1716	0	0	0	0	0.0385	0.0527
FR_Ill_Sai_1_2017-07-22	0.0583	0	0	0	0	0	0
FR_Ill_Sai_1_2017-09-16	0.05	0	0	0	0	0	0
FR_Rho_Lyo_1_2010-07-16	0.031	0	0	0	0	0	0.0244
GA_Hau_Fra_1_2002-03-16	0.5556	0	0	0	0.1111	0	0.3333
GB_Eas_Sus_1_2021-07-09	0.0501	0	0	0	0	0	0.0478
GB_Eas_Sus_1_2021-09-01	0.1487	0.0299	0	0	0	0	0.0238
GB_Edi_Edi_1_2021-08-29	0.0545	0	0	0	0	0	0
GB_Edi_Edi_1_2021-10-04	0.129	0	0	0	0	0.0385	0
GB_Edi_Sou_1_2014-07-14	0.1053	0	0	0	0	0	0
GB_Fif_Dai_1_2015-08-19	0.0364	0.0083	0	0	0	0	0
GB_Fif_Dai_1_2016-08-06	0.0279	0.0133	0	0	0	0	0
GB_Fif_Dai_1_2020-MM-DD	0.0943	0	0	0	0	0	0
GB_Ken_Ken_1_2019-09-16	0.1111	0.0646	0	0	0	0.0081	0
GB_Lei_Lut_1_2014-10-20	0.0909	0.0152	0.0233	0	0	0.0267	0.0223
GB_Lei_Mar_1_2014-10-20	0.0123	0.014	0.0238	0	0	0	0.0385
GB_Nor_Mar_1_2015-07-07	0.0369	0.0081	0.0115	0	0	0	0
GB_Nor_Mar_1_2016-10-23	0.1299	0.0209	0	0.0121	0	0	0.01
GB_Nor_Mar_1_2017-10-10	0.0694	0.0408	0.015	0	0	0	0.0364
GB_Nor_Mar_2_2017-10-10	0.0694	0.0238	0	0	0	0	0
GB_Nor_Mar_3_2017-10-10	0.1005	0.0278	0	0	0	0	0.0167
GB_Per_Dru_1_2020-09-07	0.2	0.0667	0	0	0	0.0268	0
GB_Per_Mut_1_2021-08-05	0.0801	0.0313	0	0	0	0	0
GB_She_She_1_2014-08-25	0.1453	0	0	0	0	0	0.0396
GB_She_She_1_2015-10-04	0.2683	0.0115	0	0	0	0	0.0421
GN_Dal_Don_1_2005-06-15	0.2	0	0	0	0.4	0	0.4
GR_Kri_Her_1_2020-07-13	0.1111	0	0.1379	0	0.037	0	0
GR_Kri_Ira_1_2017-11-06	0	0	0	0	NA	0	NA
GR_Kri_Ira_1_2018-10-11	0.1129	0.0161	0.0227	0	0	0	0.1111
GR_Kri_Ira_1_2019-MM-DD	0.2692	0.0728	0	0	0	0.0656	0.0913
GR_Kri_Ira_1_2021-10-20	0.25	0.069	0.0364	0.025	0	0	0.0545
HR_Dub_Her_1_2019-09-19	0.2658	0.0396	0.0476	0.0062	0	0	0.0741
HR_Dub_Kam_1_2017-09-20	0.2111	0.0241	0.0649	0.0128	0	0	0.0851
HU_Pes_Pil_1_2018-07-04	0.3271	0.0742	0.1374	0	0	0	0.1098
HU_Pes_Pil_1_2018-10-30	0.1331	0.0455	0	0	0	0	0.1739
HU_Pes_Pil_1_2020-08-17	0.2034	0.0484	0.0688	0	0	0	0.1167
HU_Sze_Sze_1_2016-08-28	0.1514	0.0361	0.0364	0.0076	0	0	0
IT_Tre_San_1_2015-09-29	0.1026	0.062	0.0619	0	0	0	0.0667
IT_Tre_San_1_2015-10-10	0.1463	0	0.094	0	0	0	0.086
IT_Tre_San_1_2019-10-01	0.0745	0	0	0	0	0	0.0714
IT_Tre_San_1_2021-06-28	0.1956	0.028	0.05	0	0.045	0	0.0852
IT_Tre_San_1_2021-10-01	0.162	0	0	0	0	0	0.0234
IT_Tre_Tre_1_2016-08-24	0.1412	0	0	0	0	0	0
KE_Cen_Nya_1_2009-01-16	0.4	0	0	0	0.2	0	0
MA_Ori_Ber_1_2017-07-10	0.0923	0	0.0616	0	0.0238	0	0.0801
MA_Ori_Ber_1_2017-09-15	0.2	0	0.1176	0.0417	0	0	0.0345
MA_Ori_Ber_1_2018-07-16	0.127	0	0.12	0	0.0213	0	0.2137
MA_Ori_Ber_1_2019-09-11	0.0786	0	0.0494	0.1	0	0	0.0213
MA_Ori_Ber_1_2020-09-21	0.1633	0	0.125	0.0526	0	0	0.0588
MA_Ori_Nad_1_2016-07-21	0.2059	0	0	0	0	0	0.0833
MA_Ori_Nad_1_2016-10-04	0.2165	0.022	0	0	0	0	0.0176
MA_Tan_Lar_1_2021-09-06	0	0	0	0	NA	0	NA
NG_Bor_Mai_1_2004-09-16	0.6667	0.3333	0.5	0	0.1667	0	0.1667
NL_Gro_Gro_1_2017-10-11	0.3694	0	0	0	0	0	0
NL_Gro_Gro_1_2019-10-09	0.3293	0	0	0	0	0	0
NL_Gro_Gro_1_2020-10-15	0.5565	0.1338	0	0	0	0	0
NL_Utr_Hou_1_1998-07-01	0.1429	0	0	0	0	0.0625	0
PA_Pan_Pan_1_2012-01-16	0.2274	0.0694	0.109	0	0.0685	0	0.4638
PL_Lub_Lub_1_2019-09-10	0.2	0	0	0	0	0	0
PL_Pom_Gda_1_2016-08-01	0.2598	0.0123	0	0	0	0.1467	0.0674
PL_War_Brz_1_2015-09-28	0.2364	0.0717	0	0.0231	0	0	0
PL_War_Brz_1_2016-08-08	0.329	0.0241	0	0.0131	0	0	0.0137
PL_War_Brz_1_2017-08-20	0.2501	0	0	0	0	0	0
PT_Por_Rec_1_2014-09-26	0.1636	0.0455	0.0417	0.0421	0	0.0294	0.1539
PT_Por_Rec_1_2015-09-01	0.1263	0.0167	0.0815	0	0	0.037	0.1304
PT_Por_Rec_1_2016-10-01	0.3244	0.0221	0.1412	0.0478	0.0112	0	0.1216
PT_Sas_Rec_1_2018-10-18							
RS_Kol_Sla_1_2021-09-14	0.1026	0.0192	0	0.0309	0	0	0.0685
RS_Kol_Sla_1_2021-MM-DD	0.1395	0.02	0.0278	0.0323	0	0	0
RS_Mac_Zaj_1_2020-09-13	0.1067	0.0204	0	0.0282	0	0	0
RS_Pod_Sta_1_2019-09-19	0.1566	0.0392	0.0112	0.0204	0	0	0
RS_Sre_Sla_1_2016-06-18	0.0632	0.0441	0.0196	0.032	0	0	0
RS_Sre_Sla_1_2016-09-09	0.0909	0.0192	0.0286	0	0	0	0
RS_Sre_Sla_1_2017-06-28	0.1446	0.0323	0	0	0	0	0.087
RS_Sre_Sla_1_2017-09-28	0.1197	0.0313	0	0	0	0	0.0192
RS_Sre_Sla_1_2019-06-14	0.0787	0	0	0.0426	0	0	0
RS_Sre_Sta_1_2019-07-21	0.0893	0.0573	0.0227	0.0172	0	0	0.0333
RS_Sre_Sta_1_2020-07-02	0.1908	0.0216	0.0429	0.018	0	0	0.0196
RS_Sre_Sta_1_2020-09-14	0.225	0.058	0.0329	0.0517	0	0	0.0349
RS_Sre_Sta_1_2021-06-22	0.1429	0.0294	0	0.0427	0.0316	0	0.0333
RS_Zaj_Kal_1_2016-06-30	0.0734	0.0125	0	0	0	0	0
RS_Zaj_Kal_1_2016-09-13	0.1196	0.0198	0.0366	0.0319	0	0.0175	0
RU_Cri_Yal_1_2014-06-20	0.1544	0.026	0	0	0	0	0.0882
RU_Cri_Yal_1_2014-08-27	0.169	0.0247	0.0256	0.0145	0	0	0.0617
RU_Cri_Yal_1_2015-06-24	0.1328	0.0401	0	0	0	0	0.087
RU_Cri_Yal_1_2015-08-24	0.0871	0.0323	0.0462	0	0	0	0.0563
RU_Cri_Yal_1_2016-08-20	0.0862	0	0.0154	0.0163	0	0	0
RU_Nov_Val_1_2014-08-17	0.1687	0.0128	0.0114	0.005	0	0	0.06
RU_Nov_Val_1_2015-08-23	0.2031	0.0279	0	0	0	0	0
RU_Nov_Val_1_2015-10-05	0.1622	0.0447	0	0	0	0	0
RU_Nov_Val_1_2016-08-23	0.1316	0	0.0594	0	0	0	0.0119
RU_Nov_Val_1_2016-09-29	0.0617	0.0806	0	0	0	0	0
RU_Nov_Val_1_2016-10-24	0.0542	0	0	0	0	0	0
RU_Nov_Val_1_2017-08-25	0.3781	0.027	0.084	0	0	0	0.0196
RU_Nov_Val_1_2017-10-01	0.2549	0	0.0404	0	0	0	0.05
RU_Nov_Val_1_2018-08-28	0.1357	0	0.027	0	0	0	0.037
RU_Tul_Tul_1_2015-09-20	0.2275	0	0.0199	0	0	0	0.0229
RU_Vla_Ale_1_2015-09-15	0.122	0	0.0058	0	0	0	0
RU_Vla_Ale_1_2016-10-15	0.2037	0.1231	0.0144	0.0159	0	0.0377	0.0152
RU_Vla_Ale_1_2017-08-15	0.1897	0.129	0.0714	0	0	0.05	0.0286
RU_Vla_Ale_1_2018-09-09	0.4516	0	0	0	0	0	0
RU_Vla_Ale_1_2018-10-13	0.2286	0.1053	0.0111	0.0114	0	0	0.0763
RW_Wes_Gik_1_2008-12-16	0.1111	0.037	0	0	0	0	0.1481
SE_Ska_Lun_1_2014-07-31	0.1385	0.0175	0	0.0328	0.0156	0	0.0179
SE_Ska_Lun_1_2015-08-08	0.0833	0	0	0	0	0	0
SE_Ska_Lun_1_2015-08-24	0.1522	0	0.0268	0.0145	0	0	0.0247
SIM_SIM_w501_1_-MM-DD							
TR_Ank_Yes_1_2014-08-31	0.1379	0.0465	0.0313	0	0	0	0.0789
TR_Ank_Yes_1_2014-10-23	0.1624	0	0.0217	0.0213	0	0	0.1071
TR_Ank_Yes_1_2015-05-01	0.1059	0	0	0	0	0	0.0339
TR_Ank_Yes_1_2015-06-01	0.2383	0	0.0303	0	0	0	0.0678
TR_Ank_Yes_1_2015-07-28	0.1778	0	0.0349	0.004	0	0	0.1374
TR_Ank_Yes_1_2015-08-27	0.3182	0	0.0849	0.0225	0	0	0.0341
TR_Ank_Yes_1_2015-09-17	0.0909	0	0	0	0	0	0
TR_Ank_Yes_1_2015-10-15	0.1519	0	0.038	0	0	0	0.0704
TR_Ank_Yes_1_2016-05-26	0.1652	0.0159	0.0566	0.0168	0	0	0.0984
TR_Ank_Yes_1_2016-06-25	0.0845	0.0164	0.0167	0.0154	0	0	0.0909
TR_Ank_Yes_1_2016-07-27	0.129	0.0175	0.0405	0.0128	0	0	0.1139
TR_Ank_Yes_1_2016-08-24	0.2607	0	0.1167	0	0	0	0.1167
TR_Ank_Yes_1_2016-09-27	0.2466	0	0.0635	0	0	0	0.1493
TR_Ank_Yes_1_2016-10-13	0.1564	0.0196	0.0225	0.02	0	0	0.0789
TR_Ank_Yes_1_2017-06-07	0.1505	0	0.0222	0	0	0	0.0291
TR_Ank_Yes_1_2017-06-30	0.2105	0.0182	0	0	0	0	0.0749
TR_Ank_Yes_1_2017-07-29	0.1194	0	0.0426	0.029	0	0	0.3023
TR_Ank_Yes_1_2017-08-30	0.1429	0	0.0213	0	0	0	0.1364
TR_Ank_Yes_1_2017-09-26	0.1584	0.0286	0.0426	0	0	0	0.1153
TR_Ank_Yes_1_2017-10-13	0.0667	0	0	0	0	0	0.006
TR_Ank_Yes_1_2018-05-19	0.2173	0.0193	0.049	0.0328	0.0216	0.0109	0.0871
TR_Ank_Yes_1_2018-06-25	0.2065	0	0.0313	0.0172	0	0	0.1356
TR_Ank_Yes_1_2018-07-28	0.2045	0.027	0.0313	0.0208	0.0552	0	0.1311
TR_Ank_Yes_1_2018-08-27	0.1117	0.0208	0	0.011	0	0	0.1795
TR_Ank_Yes_1_2018-09-27	0.125	0	0.0496	0.0323	0	0	0.1702
TR_Ank_Yes_1_2018-10-12	0.1392	0.0351	0.0308	0.025	0.0204	0.0179	0.0851
TR_Ank_Yes_1_2019-06-26	0.0926	0	0	0	0	0	0.0732
TR_Ank_Yes_1_2019-08-14	0.1379	0.0465	0.0488	0	0	0	0.0982
TR_Ank_Yes_1_2019-09-17	0.2115	0.059	0.0613	0	0	0	0.0533
TR_Ank_Yes_1_2019-10-10	0.193	0	0.0462	0	0.0172	0	0.0714
TR_Ank_Yes_1_2020-05-21	0.3623	0	0.2162	0.0847	0.2106	0	0.1299
TR_Ank_Yes_1_2020-06-26	0.178	0.0213	0.1333	0.025	0.0536	0	0.1628
TR_Ank_Yes_1_2020-07-13	0.2564	0	0.0339	0	0	0.0206	0.1096
TR_Ank_Yes_1_2020-08-18	0.2115	0.0142	0.0625	0.0161	0.0176	0	0.1273
TR_Ank_Yes_1_2020-09-16	0.125	0.029	0.075	0.0227	0.0696	0	0.0913
TR_Ank_Yes_1_2020-10-14	0.1154	0	0.1667	0	0.0667	0	0.125
TR_Ank_Yes_1_2021-05-19	0.165	0.0345	0.1539	0.0182	0.0098	0	0.046
TR_Ank_Yes_1_2021-06-25	0.2624	0	0.0385	0.0238	0.0365	0	0.0286
TR_Ank_Yes_1_2021-07-27	0.2292	0.0213	0.0484	0.0292	0.0985	0.0143	0.0381
TR_Ank_Yes_1_2021-08-19	0.2115	0.0682	0.0333	0.0469	0.0119	0.0185	0.0737
TR_Ank_Yes_1_2021-09-20	0.2143	0	0.025	0	0.2396	0	0
TR_Ank_Yes_1_2021-10-16	0.2344	0.0313	0.1107	0.0471	0.0214	0	0.0331
UA_Che_Dmy_1_2021-07-17	0.203	0.1778	0.0606	0	0	0	0.12
UA_Che_Kan_1_2016-07-08	0.1693	0.0448	0.0647	0	0	0.0133	0.0566
UA_Che_Pyr_1_2016-08-23	0.2582	0.087	0.0663	0.018	0	0.0133	0.058
UA_Che_Uma_1_2014-10-01	0.1218	0.1188	0.0536	0	0	0	0.0722
UA_Che_Uma_1_2015-09-26	0.1829	0.0395	0.0958	0.0534	0	0	0.0814
UA_Che_Uma_1_2016-09-11	0.1495	0.2281	0.0909	0.0169	0	0	0.0825
UA_Che_Uma_1_2016-09-17	0.1484	0.1351	0.0577	0	0	0	0.0976
UA_Che_Uma_1_2017-09-16	0.1667	0.1282	0	0	0	0	0.025
UA_Che_Uma_1_2017-10-07	0.02	0.151	0.0728	0	0	0	0.125
UA_Che_Uma_1_2018-09-21	0.1723	0.12	0	0	0	0	0.1005
UA_Che_Uma_1_2019-08-13	0.1847	0.0889	0.0606	0	0	0	0.0227
UA_Che_Uma_1_2019-10-14	0.2116	0.1527	0.0952	0.0089	0	0	0.0667
UA_Che_Uma_1_2019-10-20	0.0943	0.1053	0	0	0	0.0174	0.1076
UA_Che_Uma_1_2020-08-19	0.1467	0.0385	0.0323	0.0294	0	0	0.0476
UA_Che_Uma_1_2020-09-27	0.1129	0.0952	0	0	0	0	0.0333
UA_Che_Uma_1_2021-09-19	0.1645	0.125	0.037	0	0	0	0.0556
UA_Che_Var_1_2014-08-18	0.2468	0.0968	0.0556	0.0189	0	0	0.0385
UA_Che_Var_1_2015-08-25	0.1377	0.0244	0.1401	0	0	0	0.1071
UA_Che_Var_1_2016-08-26	0.183	0.0367	0.069	0	0	0	0.0333
UA_Che_Var_1_2018-09-03	0.2024	0.1111	0.1277	0	0	0	0.2444
UA_Che_Var_1_2019-09-14	0.1716	0.0784	0.0893	0	0	0	0.1176
UA_Che_Var_1_2020-10-11	0.2653	0.1419	0.0776	0	0	0	0.0658
UA_Che_Var_1_2021-09-26	0.2222	0.0833	0.0449	0	0	0	0.0971
UA_Don_Mar_1_2021-08-23	0.171	0.205	0.0381	0	0	0	0.02
UA_Don_Mar_2_2021-08-23	0.0741	0.16	0.0625	0	0	0	0.0233
UA_Don_Roz_1_2021-08-12	0.2638	0.1	0.0588	0	0	0	0.0843
UA_Kha_Kha_1_2014-07-26	0.1745	0.0851	0.098	0	0	0	0.0227
UA_Kha_Kha_1_2014-09-14	0.18	0.0781	0.0473	0	0	0	0.0204
UA_Kha_Kha_1_2015-08-20	0.2192	0.0935	0.0686	0.0145	0	0	0.0353
UA_Kha_Kha_1_2016-08-18	0.1504	0.0216	0.0769	0.025	0	0	0.0909
UA_Kha_Kha_1_2018-09-24	0.2116	0.1358	0.0267	0.0213	0	0	0.0469
UA_Kha_Kha_1_2021-08-18	0.2041	0.126	0.0526	0	0	0	0.1115
UA_Kie_Cho_1_2014-09-13	0.1186	0.0304	0.1049	0.02	0	0	0.0554
UA_Kie_Cho_1_2015-06-15	0.1084	0.0315	0.0169	0.0081	0	0.0294	0.0548
UA_Kie_Cho_1_2015-07-07	0.1316	0.0794	0.0303	0.0156	0	0.0192	0.05
UA_Kie_Cho_1_2015-08-20	0.1705	0.0303	0.063	0.0337	0	0	0.0061
UA_Kie_Cho_1_2015-08-26	0.1898	0.075	0.0556	0	0	0.0145	0
UA_Kie_Cho_1_2016-09-04	0.2366	0.1537	0.0541	0	0	0.0241	0
UA_Kie_Cho_1_2016-09-05	0.2333	0.1437	0.0128	0.0132	0	0.012	0.0313
UA_Kie_Cho_1_2019-09-06	0.2321	0.0616	0.0211	0	0	0.024	0.0702
UA_Kie_Cho_2_2014-09-13	0.2462	0.0635	0.0395	0	0	0	0.0175
UA_Kie_Cho_2_2015-08-26	0.2087	0.0588	0.037	0	0	0.026	0.0127
UA_Kie_Cho_2_2016-09-04	0.3788	0.1028	0.039	0	0	0.0145	0.0195
UA_Kie_Cho_3_2014-09-13	0.2693	0.0308	0.0204	0	0	0	0.0403
UA_Kie_Cho_3_2015-08-26	0.0843	0.0968	0.082	0	0	0.0133	0.014
UA_Kie_Cho_4_2014-09-13	0.2323	0.0952	0.0333	0.0211	0	0.0208	0.0159
UA_Kie_Cho_4_2015-08-26	0.1875	0.112	0.0421	0	0	0	0.0097
UA_Kie_Cho_5_2015-08-26	0.0983	0.0625	0.0723	0.0331	0	0	0
UA_Kie_Cho_6_2015-08-26	0.2089	0.0679	0.0157	0	0	0.032	0
UA_Kie_Hle_1_2021-08-29	0.209	0.1157	0.0739	0.0185	0	0	0.0227
UA_Kie_Kho_1_2021-08-09	0.2504	0.1141	0.1225	0.0308	0	0	0.0509
UA_Kie_Kop_1_2019-09-06	0.2278	0.1438	0.0606	0.0161	0	0	0
UA_Kie_Kyi_1_2014-08-09	0.1724	0.101	0.0315	0	0	0	0.0645
UA_Kie_Kyi_1_2014-09-08	0.2209	0.0714	0.037	0.0204	0	0	0.0896
UA_Kie_Kyi_1_2014-10-11	0.1513	0.1771	0.0513	0.0417	0	0	0.0263
UA_Kie_Kyi_1_2015-08-10	0.209	0.1654	0.0704	0.0299	0	0	0.0145
UA_Kie_Kyi_1_2016-08-06	0.1625	0.1111	0.0658	0.04	0.0221	0	0.0313
UA_Kie_Kyi_1_2016-09-04	0.2439	0.1014	0.0577	0.026	0	0	0.0301
UA_Kie_Kyi_1_2016-10-03	0.2993	0.1261	0.0645	0.02	0	0.0227	0.0536
UA_Kie_Kyi_1_2020-09-29	0.192	0.1463	0.0154	0.0435	0	0	0.012
UA_Kie_Pri_1_2016-09-03	0.3727	0.1364	0.0907	0	0	0	0.0385
UA_Kie_Vys_1_2017-08-11	0.1653	0.0769	0.0462	0.0185	0	0	0.1365
UA_Kie_Vys_1_2017-09-03	0.336	0.1957	0.0548	0	0	0	0.0668
UA_Kie_Vys_1_2017-09-26	0.1405	0.1348	0.1081	0.0274	0	0	0.0833
UA_Kie_Vys_1_2017-10-19	0.2308	0.1791	0.1429	0.0308	0	0	0.0905
UA_Kie_Vys_1_2018-07-25	0.1292	0.1712	0.0426	0.023	0	0.0141	0.0461
UA_Kie_Vys_1_2018-08-29	0.1442	0.1635	0.1	0.0222	0	0	0.0476
UA_Kie_Vys_1_2018-09-27	0.2118	0.1731	0.1149	0.0333	0	0	0.1098
UA_Kie_Vys_1_2019-08-12	0.2495	0.098	0.0755	0	0	0	0.1065
UA_Kie_Vys_1_2019-09-02	0.1633	0.1122	0.0208	0.0345	0	0	0.0968
UA_Kie_Vys_1_2020-08-18	0.2824	0.1156	0.0313	0	0	0	0.0694
UA_Kie_Vys_1_2020-09-21	0.25	0.1429	0.1	0	0	0	0.0365
UA_Kie_Vys_1_2020-10-15	0.2158	0.069	0.093	0	0	0	0.0471
UA_Kie_Vys_1_2021-08-01	0.2	0.1277	0.0667	0.033	0	0	0.0667
UA_Kie_Vys_1_2021-09-19	0.2745	0.0789	0.0186	0.0299	0	0	0.1111
UA_Lvi_Dro_1_2014-08-24	0.1566	0.0888	0	0	0	0.0139	0.0615
UA_Lvi_Dro_1_2015-09-18	0.1406	0.0467	0	0	0	0	0.1901
UA_Lvi_Dro_1_2016-09-12	0.1907	0.1132	0	0	0	0	0.1061
UA_Myk_Ryb_1_2021-07-22	0.2844	0.0606	0.04	0	0	0	0
UA_Ode_Ode_1_2013-05-16	0.1493	0.0317	0.0132	0.0182	0	0.0526	0.0435
UA_Ode_Ode_1_2013-10-15	0.2471	0.0683	0.0323	0.0253	0	0.036	0.0619
UA_Ode_Ode_1_2014-07-03	0.0914	0.0961	0	0	0	0.0145	0.0455
UA_Ode_Ode_1_2014-07-22	0.1758	0.1026	0.0204	0.0294	0	0.0167	0.0308
UA_Ode_Ode_1_2014-08-29	0.1932	0.093	0.0784	0.0367	0	0.0441	0.0606
UA_Ode_Ode_1_2014-10-10	0.3265	0.1364	0.0714	0.0299	0	0	0.0357
UA_Ode_Ode_1_2015-06-30	0.1291	0.04	0.0325	0.0185	0	0	0.0401
UA_Ode_Ode_1_2015-07-26	0.2001	0.055	0	0.0488	0	0	0.0351
UA_Ode_Ode_1_2015-08-27	0.1285	0.0755	0.0769	0.0278	0	0.0172	0.0662
UA_Ode_Ode_1_2015-09-26	0.3478	0.0909	0.0204	0.0465	0	0	0.0789
UA_Ode_Ode_1_2016-08-20	0.1707	0.0847	0.0417	0.0184	0	0	0
UA_Ode_Ode_1_2016-09-15	0.1714	0.0488	0.0192	0	0	0.0167	0.0339
UA_Ode_Ode_1_2017-08-12	0.1414	0.0678	0	0	0	0	0
UA_Ode_Ode_1_2017-09-23	0.2745	0.1053	0.0198	0	0	0	0.0333
UA_Ode_Ode_1_2018-06-30	0.1951	0.1489	0	0.0128	0	0	0.029
UA_Ode_Ode_1_2018-08-15	0.2232	0.1859	0.0147	0.0156	0	0	0
UA_Ode_Ode_1_2018-09-15	0.3404	0.2105	0.0303	0	0	0	0.0141
UA_Ode_Ode_1_2019-06-15	0.1538	0.0931	0	0	0	0	0
UA_Ode_Ode_1_2019-09-06	0.2756	0.15	0.037	0.0201	0	0	0.0149
UA_Ode_Ode_1_2020-08-28	0.1148	0.0729	0.0323	0	0	0	0
UA_Ode_Ode_1_2020-09-26	0.1472	0.0984	0.0274	0	0	0	0.0236
UA_Ode_Ode_1_2020-09-28	0.1748	0.2034	0.0323	0	0	0	0.0438
UA_Ode_Ode_1_2020-10-30	0.3284	0.1667	0.037	0	0	0	0
UA_Ode_Ode_1_2021-11-11	0.0233	0.0867	0	0	0	0	0
UA_Pol_Pyr_1_2014-08-20	0.1711	0.0811	0.1077	0.0145	0	0.0171	0.0272
UA_Pol_Pyr_1_2015-08-26	0.2181	0.0504	0.0839	0	0	0.0127	0.1176
UA_Pol_Pyr_1_2017-08-22	0.2011	0.0714	0.1429	0.0208	0	0	0.0613
UA_Pol_Pyr_1_2017-09-03	0.2537	0.1176	0.0714	0	0	0	0.0909
UA_Pol_Pyr_1_2019-08-25	0.1883	0.155	0.0354	0	0	0	0.0645
UA_Pol_Pyr_1_2019-09-06	0.1935	0.125	0.1008	0	0	0.0292	0.069
UA_Pol_Pyr_1_2021-07-29	0.3208	0.125	0	0	0	0	0.0787
UA_Vol_Lut_1_2019-08-28	0.1034	0.115	0.0752	0	0	0	0.0909
UA_Zap_Zap_1_2019-06-17	0.1333	0.1944	0.0892	0.0213	0	0	0.1249
UG_Kis_Kis_1_2012-01-16	0.25	0.25	0	0	0	0	0.4
US_Cal_And_-1_2013-10-15	0	0	0	0	0	0.0238	0
US_Cal_And_0_2013-10-15	0.0089	0	0	0	0	0.025	0.0303
US_Cal_And_1_2013-10-15	0	0	0	0	NA	0	NA
US_Cal_And_10_2013-10-15	0	0	0	0	0	0	0
US_Cal_And_11_2013-10-15	0	0	0	0	NA	0	NA
US_Cal_And_12_2013-10-15	0	0	0	0	0	0	0
US_Cal_And_13_2013-10-15	0	0	0	0	0	0	0
US_Cal_And_14_2013-10-15	0	0	0	0	0	0	0
US_Cal_And_15_2013-10-15	0	0	0	0	0	0	0
US_Cal_And_16_2013-10-15	0	0	0	0	0	0	0
US_Cal_And_17_2013-10-15	0	0	0	0	0	0	0
US_Cal_And_18_2013-10-15	0	0	0	0	0	0	0
US_Cal_And_19_2013-10-15	0	0	0	0	0	0	0
US_Cal_And_2_2013-10-15	0	0	0	0	NA	0	0
US_Cal_And_20_2013-10-15	0	0	0	0	0	0	0
US_Cal_And_3_2013-10-15	0	0	0	0	0	0	0
US_Cal_And_4_2013-10-15	0	0	0	0	0	0	0
US_Cal_And_5_2013-10-15	0	0	0	0	0	0	0
US_Cal_And_6_2013-10-15	0	0	0	0	0	0	0
US_Cal_And_7_2013-10-15	0	0	0	0	0	0	0
US_Cal_And_8_2013-10-15	0	0	0	0	0	0	0
US_Cal_And_9_2013-10-15	0	0	0	0	0	0	0
US_Cal_Esp_1_2012-06-13	0.0615	0.0244	0	0.0198	0	0.0175	0.0217
US_Cal_Esp_1_2012-08-22	0.037	0.0167	0	0	0	0	0.0222
US_Cal_Esp_1_2012-11-20	0.0566	0	0	0	0	0.0171	0.02
US_Cal_Esp_1_2013-05-07	0.0653	0	0	0.0185	0	0	0.0451
US_Cal_Esp_1_2013-09-01	0.0582	0.02	0.0172	0	0	0.0123	0.0704
US_Cal_Pla_1_2012-08-25	0.0312	0.0135	0	0.0083	0	0.0196	0.0196
US_Cal_Pla_1_2012-11-18	0.0254	0.0308	0	0	0.0164	0.0154	0
US_Cal_Pla_1_2013-08-30	0.0675	0.0233	0	0	0.0339	0	0.0345
US_Cal_Pla_1_2013-12-16	0.0492	0.0155	0	0.0138	0	0	0.0347
US_Cal_Sto_1_2012-10-01	0	0	0	0	0	0	0
US_Cal_Sto_1_2012-11-15	0	0	0	0	0	0	0
US_Cal_Sto_1_2013-09-03	0.0436	0.0129	0	0	0	0	0
US_Cal_Tuo_1_2012-10-10	0.0788	0	0	0	0.0227	0	0
US_Cal_Tuo_1_2012-11-17	0.0792	0.0274	0	0	0	0.0098	0.0217
US_Cal_Tuo_1_2013-05-14	0.0244	0.0116	0	0	0	0	0.0167
US_Cal_Tuo_1_2013-08-31	0.0792	0	0	0	0.0114	0	0.0549
US_Cal_Tuo_1_2013-12-08	0.0377	0.0147	0	0	0.0164	0	0.0159
US_Cal_Win_1_1998-07-02	0	0	0	0	0	0	0
US_Flo_Hom_1_2004-07-01	0.3246	0	0	0	0	0	0.4
US_Flo_Hom_1_2010-07-15	0.4258	0.0935	0.094	0	0.0145	0	0.4
US_Flo_Hom_1_2010-12-16	0.2222	0	0.1132	0	0.0208	0	0.2667
US_Flo_Hom_2_2004-07-01	0.3077	0	0	0	0.0476	0	0.3889
US_Geo_Ath_1_2014-06-17	0.4239	0.0088	0	0	0.0909	0.0377	0.04
US_Geo_Ath_1_2014-10-15	0.4242	0.0494	0.0206	0	0.2281	0.1495	0.0095
US_Geo_Hah_1_2008-07-16	0.2712	0.1091	0.066	0	0.0268	0.0095	0.2937
US_Ill_Urb_1_2015-07-11	0.1856	0.0311	0	0.0292	0.041	0.0441	0.0238
US_Kan_Top_1_2014-06-22	0.2097	0.0723	0	0	0.0323	0.0348	0.0781
US_Kan_Top_1_2014-10-22	0.225	0	0	0	0	0.0682	0.1253
US_Lou_Bat_0_2013-09-15	0.0527	0.1188	0.0191	0	0.3966	0	0.0526
US_Lou_Bat_1_2013-09-15	0	0	0	0	0.1964	0	0.0556
US_Lou_Bat_10_2013-09-15	0.108	0	0	0	0.3333	0	0
US_Lou_Bat_2_2013-09-15	0	0.1	0	0	0.3	0	0
US_Lou_Bat_3_2013-09-15	0	0.1667	0	0	0.5	0	0
US_Lou_Bat_4_2013-09-15	0	0	0	0	0.45	0	0
US_Lou_Bat_5_2013-09-15	0	0.1429	0	0	0.5125	0	0
US_Lou_Bat_6_2013-09-15	0.1429	0	0	0	0.2	0	0.0417
US_Lou_Bat_7_2013-09-15	0	0	0	0	0.3222	0	0
US_Lou_Bat_8_2013-09-15	0	0.1042	0	0	0.3	0	0
US_Lou_Bat_9_2013-09-15	0	0.1429	0	0	0.5714	0	0.0801
US_Lou_Wes_0_2013-09-15	0.2456	0.1173	0	0	0.025	0.0448	0.1192
US_Lou_Wes_1_2013-09-15	0.25	0	0	0	0	0	0
US_Lou_Wes_10_2013-09-15	0.25	0	0	0	0.25	0	0
US_Lou_Wes_2_2013-09-15	0.25	0	0	0	NA	0	0.1
US_Lou_Wes_3_2013-09-15	0.1667	0	0	0	0	0	0.0909
US_Lou_Wes_4_2013-09-15	0.1818	0.1667	0	0	0	0	0
US_Lou_Wes_5_2013-09-15	0.2	0.25	0	0	0	0	0
US_Lou_Wes_6_2013-09-15	0.0833	0	0	0	0	0	0.2
US_Lou_Wes_7_2013-09-15	0.3095	0	0	0	0	0	0.1667
US_Lou_Wes_8_2013-09-15	0.2222	0.0833	0	0	0	0.0294	0.1548
US_Lou_Wes_9_2013-09-15	0.225	0.1111	0	0	0	0	0
US_Mai_Bow_1_2004-07-01	0.0445	0	0	0	0.0385	0.1053	0.077
US_Mai_Bow_1_2009-10-15	0.1481	0.0706	0	0.0161	0.0377	0.1371	0
US_Mai_Bow_2_2009-10-15	0.1781	0.1333	0	0	0.0606	0.169	0.0333
US_Mai_Wal_1_2004-07-01	0.0817	0	0	0	0.037	0.1	0.0526
US_Mas_Lan_1_2012-07-28	0.2076	0.0256	0	0.0333	0	0.0789	0.0217
US_Mas_Lan_1_2012-10-02	0.2093	0.0404	0	0.0161	0	0.0513	0.0455
US_Mas_Lan_1_2014-07-20	0.1404	0.0479	0	0.0392	0	0.125	0.0137
US_Mas_Lan_1_2014-10-20	0.1898	0.0379	0	0.0261	0	0.0625	0.0111
US_Mic_Ben_1_2014-07-26	0.1522	0.0426	0	0	0.0082	0.028	0.0099
US_Mic_Ben_1_2014-11-05	0.1338	0	0.0235	0	0	0.024	0.0261
US_New_Ith_1_2004-07-01	0	0	0	0	0	0.0769	0
US_New_Ith_1_2012-07-25	0.1515	0.0495	0	0	0.0676	0.0641	0
US_New_Ith_1_2012-09-23	0.1538	0.1515	0	0	0	0.0488	0
US_Nor_Ral_1_2003-07-01	0.1229	0.0383	0.0102	0	0.0175	0.1124	0.0172
US_Nor_Ral_2_2003-07-01	0.1111	0.0714	0	0	0.037	0.125	0
US_Pen_Lin_1_2009-07-15	0.1076	0.0326	0	0	0.0261	0.0331	0.011
US_Pen_Lin_1_2009-11-16	0.1135	0.0667	0	0	0.0189	0.0272	0.0533
US_Pen_Lin_1_2010-07-15	0.2265	0.037	0	0	0	0.04	0.0833
US_Pen_Lin_1_2010-11-16	0.1875	0	0.0116	0	0	0.0366	0.0294
US_Pen_Lin_1_2011-07-15	0.1386	0.0263	0.0056	0	0.0476	0.0286	0.0143
US_Pen_Lin_1_2011-10-15	0.2029	0.0722	0.0286	0.0272	0.0247	0.053	0.0774
US_Pen_Lin_1_2011-11-16	0.1607	0.0213	0.0387	0	0.0161	0.0556	0.0706
US_Pen_Lin_1_2012-07-16	0.1739	0.0752	0	0	0.0143	0.0344	0.0847
US_Pen_Lin_1_2012-09-13	0.1725	0.0244	0.0206	0	0	0.0206	0.0256
US_Pen_Lin_1_2012-10-10	0.155	0	0	0	0	0	0
US_Pen_Lin_1_2013-06-15	0.1417	0.0734	0.0102	0.0139	0.0755	0.0302	0.0222
US_Pen_Lin_1_2014-06-27	0.1984	0.0364	0	0	0	0.0328	0.058
US_Pen_Lin_1_2014-10-17	0.1864	0.0748	0	0.0125	0	0.0395	0.1
US_Pen_Lin_1_2015-07-15	0.225	0.0751	0.0108	0.0046	0.018	0.0526	0.0182
US_Pen_Lin_1_2015-10-15	0.1418	0.0323	0	0	0	0.0219	0.0306
US_Pen_Sta_1_2014-06-18	0.2104	0.0441	0.0087	0	0	0.0466	0.05
US_Pen_Sta_1_2014-10-16	0.207	0.0962	0	0	0	0.0465	0.0557
US_Pen_Sta_1_2015-07-18	0.1313	0.0299	0	0	0.0254	0.1017	0.0709
US_Rho_Pro_1_2014-09-25	0.2143	0.0667	0	0.0227	0	0.0851	0.0455
US_Rho_Pro_1_2015-06-11	0.1579	0	0	0	0	0.0513	0.0526
US_Rho_Pro_10_2015-06-11	0.1333	0	0	0	0	0.1	0.1176
US_Rho_Pro_11_2015-06-11	0.2353	0	0	0	0	0.1364	0.3137
US_Rho_Pro_12_2015-06-11	0.1882	0	0	0	0	0.1667	0.25
US_Rho_Pro_2_2014-09-25	0.2077	0.087	0	0.0118	0.0217	0.0161	0.0239
US_Rho_Pro_2_2015-06-11	0.1436	0	0	0	0	0.1667	0.1935
US_Rho_Pro_3_2014-09-25	0.145	0.0385	0	0.0204	0	0.0535	0.0597
US_Rho_Pro_3_2015-06-11	0.0913	0.0556	0	0	0	0.0667	0
US_Rho_Pro_4_2014-09-25	0.2232	0.0572	0	0	0.0172	0.0789	0.04
US_Rho_Pro_4_2015-06-11	0.0651	0.0556	0	0	0.0769	0.0667	0
US_Rho_Pro_5_2014-09-25	0.2644	0.0909	0	0	0	0.0588	0.026
US_Rho_Pro_5_2015-06-11	0.0742	0	0	0.0455	0	0.0833	0.0909
US_Rho_Pro_6_2015-06-11	0.0607	0	0	0.0909	0	0	0.0526
US_Rho_Pro_7_2015-06-11	0.0516	0	0	0.0217	0	0.0625	0.0588
US_Rho_Pro_8_2015-06-11	0.0981	0.1304	0	0	0	0.1132	0
US_Rho_Pro_9_2015-06-11	0.1548	0.0909	0	0	0	0.1333	0
US_Sou_Eut_1_2010-07-15	0.25	0	0	0	0.0714	0	0.074
US_Tex_Lub_0_2013-09-15	0.376	0.0909	0	0	0	0.0235	0.0732
US_Tex_Lub_1_2013-09-15	0.3229	0	0	0	0	0	0
US_Tex_Lub_10_2013-09-15	0.2343	0.1396	0	0	0	0	0
US_Tex_Lub_2_2013-09-15	0.4444	0.0714	0	0	0	0	0.1125
US_Tex_Lub_3_2013-09-15	0.4	0	0	0	0	0	0.0833
US_Tex_Lub_4_2013-09-15	0.275	0	0	0	0	0	0
US_Tex_Lub_5_2013-09-15	0.4083	0.1111	0	0	0	0	0.1
US_Tex_Lub_6_2013-09-15	0.3923	0.0812	0	0	0	0	0.125
US_Tex_Lub_7_2013-09-15	0.4	0.069	0	0	0	0	0
US_Tex_Lub_8_2013-09-15	0.4444	0.1	0	0	0	0	0
US_Tex_Lub_9_2013-09-15	0.5	0	0	0	0	0	0
US_Tex_Sto_0_2013-09-15	0.373	0.0404	0	0	0	0	0.1277
US_Tex_Sto_1_2013-09-15	0.5549	0.0714	0	0	0	0	0.0417
US_Tex_Sto_10_2013-09-15	0.244	0	0	0	0	0	0.05
US_Tex_Sto_2_2013-09-15	0.4286	0	0	0	0	0	0.1667
US_Tex_Sto_3_2013-09-15	0.3333	0	0	0	NA	0	0.2
US_Tex_Sto_4_2013-09-15	0.375	0	0	0	0	0	0.25
US_Tex_Sto_5_2013-09-15	0.3818	0	0	0	0	0	0
US_Tex_Sto_6_2013-09-15	0.2857	0	0	0	0	0	0.25
US_Tex_Sto_7_2013-09-15	0.2727	0	0	0	0	0	0.2
US_Tex_Sto_8_2013-09-15	0.3125	0	0	0	0	0	0.0385
US_Tex_Sto_9_2013-09-15	0.3	0	0	0	0	0	0.2
US_Vir_Cha_1_2012-07-18	0.1148	0	0	0	0	0	0.0192
US_Vir_Cha_1_2012-11-05	0.175	0	0	0	0	0	0
US_Vir_Cha_1_2014-06-25	0.197	0	0	0	0.0101	0	0
US_Vir_Cha_1_2014-10-14	0.2048	0.0154	0	0	0	0	0.0303
US_Vir_Cha_1_2015-07-01	0.2221	0.0108	0	0	0.0345	0.0206	0.0183
US_Vir_Cha_1_2015-10-19	0.2973	0	0	0	0.0185	0.0133	0.0202
US_Vir_Cha_1_2016-06-24	0.1818	0	0	0	0	0	0
US_Vir_Cha_1_2016-07-08	0.2761	0.0119	0	0	0	0	0.0179
US_Vir_Cha_1_2016-07-22	0.2355	0	0	0	0	0	0.0556
US_Vir_Cha_1_2016-08-19	0.155	0.0196	0	0	0	0.0256	0
US_Vir_Cha_1_2016-09-02	0.1706	0.0078	0	0	0	0	0.038
US_Vir_Cha_1_2016-09-16	0.1325	0.0116	0	0	0	0	0.0299
US_Vir_Cha_1_2016-10-03	0.1802	0	0	0	0	0	0
US_Vir_Cha_1_2016-10-14	0.1698	0.0085	0	0	0	0	0.0268
US_Vir_Cha_1_2016-10-28	0.1516	0.0165	0	0	0	0	0.0273
US_Vir_Cha_1_2016-11-11	0.1572	0	0	0	0.0754	0	0.038
US_Vir_Cha_1_2016-12-03	0.1575	0.0097	0	0	0	0.0064	0.0134
US_Vir_Cha_1_2017-06-22	0.2069	0.0186	0	0	0	0	0.0226
US_Vir_Cha_1_2017-07-07	0.1538	0.0217	0	0	0.0213	0	0.0133
US_Vir_Cha_1_2017-07-20	0.1589	0	0	0	0	0.0386	0.0085
US_Vir_Cha_1_2017-08-03	0.1417	0	0	0	0	0	0.0313
US_Vir_Cha_1_2017-08-17	0.165	0.0466	0	0	0.0289	0	0.0185
US_Vir_Cha_1_2017-08-31	0.1343	0.0158	0	0	0	0.0146	0.0081
US_Vir_Cha_1_2017-09-14	0.2436	0.0172	0	0	0	0.0111	0.0114
US_Vir_Cha_1_2017-09-28	0.2884	0.0081	0	0	0	0.007	0.0137
US_Vir_Cha_1_2017-10-12	0.3092	0	0	0	0	0.0172	0.0062
US_Vir_Cha_1_2017-10-26	0.194	0	0	0	0	0.0217	0.0145
US_Vir_Cha_1_2017-11-09	0.2245	0	0	0	0.0149	0.0073	0.0299
US_Vir_Cha_1_2017-11-24	0.4228	0	0	0.0161	0.0175	0	0
US_Vir_Cha_1_2017-12-07	0.2669	0	0	0	0	0	0.0217
US_Vir_Cha_1_2018-06-28	0.175	0	0	0	0	0.0445	0
US_Vir_Cha_1_2018-07-05	0.1695	0	0	0	0	0	0.0238
US_Vir_Cha_1_2018-07-12	0.1302	0.0234	0	0	0	0	0.0123
US_Vir_Cha_1_2018-07-26	0.2552	0.0036	0	0	0	0	0.0349
US_Vir_Cha_1_2018-08-09	0.1198	0.0244	0	0	0	0.0137	0.017
US_Vir_Cha_1_2018-08-23	0.1542	0.0386	0	0	0	0.0091	0.0357
US_Vir_Cha_1_2018-09-06	0.139	0.0244	0	0	0	0	0
US_Vir_Cha_1_2018-09-20	0.2516	0.0156	0	0	0.0238	0	0.0058
US_Vir_Cha_1_2018-10-04	0.193	0.029	0	0	0	0.0109	0.0156
US_Vir_Cha_1_2018-10-18	0.2685	0.0127	0	0	0	0	0.0238
US_Vir_Cha_1_2018-10-25	0.1835	0.027	0	0	0	0.0156	0.0147
US_Vir_Cha_1_2018-11-01	0.263	0.0274	0	0	0.0317	0	0.0252
US_Vir_Cha_1_2018-11-29	0.1404	0	0	0	0	0	0.0139
US_Vir_Cha_1_2019-06-18	0.0937	0.0127	0	0	0	0	0
US_Vir_Cha_1_2019-08-14	0.1415	0	0	0	0	0	0.0435
US_Vir_Cha_1_2019-09-06	0.2174	0	0	0	0	0	0.0299
US_Vir_Cha_1_2020-07-03	0.1143	0	0	0	0.04	0	0
US_Vir_Cha_1_2020-08-21	0.2222	0	0	0	0	0	0
US_Vir_Cha_1_2020-09-30	0.1389	0	0	0	0	0.25	0
US_Vir_Cha_1_2021-10-15	0.1765	0	0	0	0	0	0
US_Was_Tac_1_2014-07-15	0.0797	0.0208	0	0.0394	0	0.0461	0.0176
US_Wis_Cro_1_2012-06-10	0.0526	0	0	0	0	0.1053	0
US_Wis_Cro_1_2012-09-11	0.0909	0.0206	0	0	0	0.06	0.08
US_Wis_Cro_1_2012-10-20	0.1266	0.0222	0	0	0.0204	0.0417	0.0192
US_Wis_Cro_1_2013-07-02	0.1212	0.0372	0.0094	0.0059	0.0172	0.0946	0.0485
US_Wis_Cro_1_2013-09-22	0.1071	0.0159	0	0.0323	0	0.1	0.0519
US_Wis_Cro_1_2014-06-25	0.1272	0.0435	0.0116	0.0165	0	0.0179	0.0282
US_Wis_Cro_1_2014-09-18	0.1885	0.0251	0	0.0176	0.0039	0.08	0.058
ZA_Eas_Bar_1_2011-12-16	0.4	0	0	0	0	0	0
ZA_Lim_Pha_1_2010-07-16	0.4286	0.2857	0	0	0.0833	0	0
ZA_Mpu_Dul_1_2011-12-16	0.2917	0.1071	0	0	0.2857	0	0.1
ZM_Sou_Sia_1_2010-07-16	0.2245	0.1224	0	0	0.1786	0	0.1071
ZW_Mat_Vic_1_2001-07-16	0	0	0	0	0	0	0