chrom	start	end	nSites	recombRate
X	118300	236600	98	3.640711924128991e-09
X	236600	354900	191	9.120175812860982e-10
X	354900	473200	376	0
X	473200	591500	543	0
X	591500	709800	666	7.269653539405182e-10
X	709800	828100	907	0
X	828100	946400	907	0
X	946400	1064700	838	1.2072855405232363e-09
X	1064700	1183000	852	5.037698345776734e-10
X	1183000	1301300	813	0
X	1301300	1419600	583	0
X	1419600	1537900	552	9.091174041251094e-10
X	1537900	1656200	369	1.1039647604624408e-09
X	1656200	1774500	788	5.858770224256009e-10
X	1774500	1892800	547	0
X	1892800	2011100	372	2.636423654669466e-10
X	2011100	2129400	631	3.2868148198573197e-10
X	2129400	2247700	746	0
X	2247700	2366000	881	2.987453205960787e-09
X	2366000	2484300	1166	3.2183221576025694e-09
X	2484300	2602600	1373	2.511614906813825e-09
X	2602600	2720900	1123	4.600821310630355e-09
X	2720900	2839200	951	2.747318987019583e-09
X	2839200	2957500	1245	2.1351937357693025e-09
X	2957500	3075800	996	1.5465905187545245e-09
X	3075800	3194100	1114	3.0158902417542245e-09
X	3194100	3312400	1141	2.366079561987274e-09
X	3312400	3430700	1092	2.3720104130317802e-09
X	3430700	3549000	1259	3.3588963770295986e-09
X	3549000	3667300	1252	2.8962427467448528e-09
X	3667300	3785600	696	1.825363017281194e-09
X	3785600	3903900	1385	2.211796436864429e-09
X	3903900	4022200	1176	5.715642436489759e-09
X	4022200	4140500	1005	4.00750108708492e-09
X	4140500	4258800	1236	2.8252255303682334e-09
X	4258800	4377100	1089	3.936724614661929e-09
X	4377100	4495400	1251	5.042151101471132e-09
X	4495400	4613700	1342	3.7184924706420982e-09
X	4613700	4732000	1204	4.378305274202049e-09
X	4732000	4850300	1177	1.8404770126876686e-09
X	4850300	4968600	1050	3.190858222369354e-09
X	4968600	5086900	902	2.617755991041646e-09
X	5086900	5205200	1140	5.340134742502927e-09
X	5205200	5323500	935	1.55429545024235e-09
X	5323500	5441800	1128	5.168556301758264e-09
X	5441800	5560100	1444	5.125327012477687e-09
X	5560100	5678400	1463	4.38086570989577e-09
X	5678400	5796700	1408	3.7568866313587e-09
X	5796700	5915000	1410	7.492709117309674e-09
X	5915000	6033300	1471	8.796333126315568e-09
X	6033300	6151600	974	3.863182961687459e-09
X	6151600	6269900	1138	2.056831578863554e-09
X	6269900	6388200	1033	2.138412279934388e-09
X	6388200	6506500	1042	4.78632240170256e-09
X	6506500	6624800	1353	7.781456740307443e-09
X	6624800	6743100	1258	6.924595010703389e-09
X	6743100	6861400	1223	6.655371834841984e-09
X	6861400	6979700	1328	5.411164333568752e-09
X	6979700	7098000	1009	1.2605495777774446e-09
X	7098000	7216300	782	0
X	7216300	7334600	685	1.1369781813182931e-09
X	7334600	7452900	870	2.0580577980666104e-09
X	7452900	7571200	994	0
X	7571200	7689500	768	2.7924686030704514e-09
X	7689500	7807800	1368	2.1358653439016185e-09
X	7807800	7926100	1075	3.2921484284287583e-09
X	7926100	8044400	1062	1.6205900352295843e-09
X	8044400	8162700	1224	3.0452835035316984e-09
X	8162700	8281000	1264	2.297812901529437e-09
X	8281000	8399300	1228	3.481792790441198e-09
X	8399300	8517600	1106	3.619611954062461e-09
X	8517600	8635900	1084	4.099337030591588e-09
X	8635900	8754200	1399	2.5621441377536958e-09
X	8754200	8872500	1394	4.901661254925047e-09
X	8872500	8990800	1289	5.539706980173137e-09
X	8990800	9109100	1298	4.109639521840749e-09
X	9109100	9227400	1022	3.975896130854964e-09
X	9227400	9345700	1335	2.8602459008188123e-09
X	9345700	9464000	729	2.5197945763784293e-09
X	9464000	9582300	1054	2.1282560350121977e-09
X	9582300	9700600	1025	2.7518616229296196e-09
X	9700600	9818900	1206	3.3614770622147463e-09
X	9818900	9937200	1230	2.9015706129335435e-09
X	9937200	10055500	1186	2.4157020656999328e-09
X	10055500	10173800	1138	1.934580899234116e-09
X	10173800	10292100	1268	2.310440709377421e-09
X	10292100	10410400	1184	2.100139616166347e-09
X	10410400	10528700	1252	3.0572948268629156e-09
X	10528700	10647000	969	1.6237838300162593e-09
X	10647000	10765300	563	6.3953817470612e-10
X	10765300	10883600	722	1.6877687304850986e-10
X	10883600	11001900	1404	2.0689868985782512e-09
X	11001900	11120200	878	2.2376100385463747e-09
X	11120200	11238500	1035	1.143848383770645e-09
X	11238500	11356800	1162	3.990329518355153e-09
X	11356800	11475100	1125	2.978210438096284e-09
X	11475100	11593400	395	0
X	11593400	11711700	664	2.91063563526219e-09
X	11711700	11830000	820	2.4612049228790205e-09
X	11830000	11948300	969	3.1793823855891962e-09
X	11948300	12066600	797	9.87606682838147e-10
X	12066600	12184900	861	1.6369831235111725e-09
X	12184900	12303200	1232	4.216709832730704e-09
X	12303200	12421500	1232	3.028856666097732e-09
X	12421500	12539800	1516	3.79906407205684e-09
X	12539800	12658100	1103	1.8122852207348403e-09
X	12658100	12776400	980	4.80217662851785e-09
X	12776400	12894700	1057	2.6871374984996932e-09
X	12894700	13013000	1016	3.3794901098104637e-09
X	13013000	13131300	1375	2.5396930766203137e-09
X	13131300	13249600	1237	1.0981374068185607e-09
X	13249600	13367900	1420	2.2737655054885906e-09
X	13367900	13486200	1240	2.2203754713988373e-09
X	13486200	13604500	1056	1.891233487920217e-09
X	13604500	13722800	974	4.762136516612929e-10
X	13722800	13841100	1158	2.6174837478791328e-09
X	13841100	13959400	862	4.436025324541859e-09
X	13959400	14077700	786	1.1880991473965233e-09
X	14077700	14196000	1284	3.4209205692693113e-09
X	14196000	14314300	1154	1.0837670177361421e-09
X	14314300	14432600	1514	2.2042400016470653e-09
X	14432600	14550900	1420	2.7906326491811056e-09
X	14550900	14669200	1351	3.485491697541792e-09
X	14669200	14787500	1191	1.7262305070304718e-09
X	14787500	14905800	1733	1.7581875794169027e-09
X	14905800	15024100	1452	2.102626928696582e-09
X	15024100	15142400	1090	5.94426807694615e-10
X	15142400	15260700	1226	2.0588239038255835e-09
X	15260700	15379000	1142	3.812310614365081e-09
X	15379000	15497300	1053	2.1206681005859463e-09
X	15497300	15615600	1324	3.133668033721874e-09
X	15615600	15733900	1056	3.731741262893831e-09
X	15733900	15852200	821	1.001647455199011e-09
X	15852200	15970500	764	1.6999027932606377e-09
X	15970500	16088800	563	2.1844033748512074e-09
X	16088800	16207100	1361	3.4364946781198674e-09
X	16207100	16325400	1131	2.9050287760805103e-09
X	16325400	16443700	1194	6.362530439660802e-09
X	16443700	16562000	1033	4.398618889018178e-09
X	16562000	16680300	998	3.397505407349673e-09
X	16680300	16798600	1521	2.369308230898073e-09
X	16798600	16916900	1428	3.2649004877707595e-09
X	16916900	17035200	1645	8.154757239728773e-09
X	17035200	17153500	1357	4.340899963650114e-09
X	17153500	17271800	1337	1.5464453973993003e-09
X	17271800	17390100	1601	6.097217103102354e-09
X	17390100	17508400	1353	2.832945086488756e-09
X	17508400	17626700	968	6.748330382627058e-10
X	17626700	17745000	1050	1.099215129751155e-09
X	17745000	17863300	1104	5.888761971002321e-10
X	17863300	17981600	642	1.1966399328915666e-09
X	17981600	18099900	1197	2.756254469804756e-11
X	18099900	18218200	990	1.5692260752542385e-09
X	18218200	18336500	1112	3.0031893107427564e-09
X	18336500	18454800	1070	1.8205672627283248e-09
X	18454800	18573100	1600	3.678741593999913e-09
X	18573100	18691400	806	2.8082227074003557e-09
X	18691400	18809700	1111	8.548172678929048e-10
X	18809700	18928000	961	1.576574390698607e-09
X	18928000	19046300	1215	5.097047472728677e-09
X	19046300	19164600	1171	6.099930534953519e-09
X	19164600	19282900	975	3.816807126433536e-09
X	19282900	19401200	943	3.792251243163531e-09
X	19401200	19519500	776	2.7318956243829806e-09
X	19519500	19637800	1162	2.6015923969962275e-09
X	19637800	19756100	891	3.35875575556136e-09
X	19756100	19874400	981	7.221336002917774e-10
X	19874400	19992700	918	2.117609302408782e-09
X	19992700	20111000	1088	3.8154954093777885e-09
X	20111000	20229300	566	2.532834123885421e-09
X	20229300	20347600	797	2.7840020657106365e-09
X	20347600	20465900	1222	1.2261040678890329e-09
X	20465900	20584200	1373	2.6928051061556536e-09
X	20584200	20702500	1403	5.642845514811091e-09
X	20702500	20820800	1167	2.7527402258631864e-09
X	20820800	20939100	1237	3.915705642561107e-09
X	20939100	21057400	1271	7.556802132590138e-09
X	21057400	21175700	1068	9.026870656254139e-10
X	21175700	21294000	1445	3.965913131581644e-09
X	21294000	21412300	1038	3.912769466304248e-09
X	21412300	21530600	1300	3.2760635824055535e-09
X	21530600	21648900	727	1.6087744569821569e-09
X	21767200	21885500	118	4.0589190457040706e-09
X	21885500	22003800	179	4.824826809650261e-09
X	22240400	22358700	62	4.706605778814719e-09
X	22358700	22477000	429	1.3468866593900417e-09
X	22477000	22595300	1072	1.2994848499038357e-09
X	22595300	22713600	904	0
X	22713600	22831900	756	1.7326844699368304e-09
X	22831900	22950200	586	4.226116846470112e-09
X	22950200	23068500	185	1.9679250617832705e-09
X	23068500	23186800	80	2.4268606604477414e-09
X	23186800	23305100	69	2.487810504670096e-09
X	23423400	23541700	66	4.0961556104941185e-09
