chrom	start	end	nSites	recombRate
2L	0	52800	212	3.781350349382264e-09
2L	52800	105600	288	3.6460647337443376e-09
2L	105600	158400	312	1.7989250339157577e-09
2L	158400	211200	246	3.699479485584278e-10
2L	211200	264000	343	3.9232986752825156e-09
2L	264000	316800	433	1.8993826208940015e-08
2L	316800	369600	389	1.2686449496577948e-08
2L	369600	422400	535	1.6797572532068635e-08
2L	422400	475200	406	1.3009492813981853e-08
2L	475200	528000	945	6.98629671098056e-09
2L	528000	580800	834	7.062361243223704e-09
2L	580800	633600	1042	1.5268701884050113e-08
2L	633600	686400	928	1.1330225891157168e-08
2L	686400	739200	877	9.429289345897495e-09
2L	739200	792000	1087	1.3463557025929755e-08
2L	792000	844800	1021	1.669482092387402e-08
2L	844800	897600	1128	6.4386911826081105e-09
2L	897600	950400	1279	1.7655138040304947e-08
2L	950400	1003200	1202	2.0608426661630635e-08
2L	1003200	1056000	1312	2.3078993352147342e-08
2L	1056000	1108800	1255	1.152164543292088e-08
2L	1108800	1161600	1035	1.645480167204101e-08
2L	1161600	1214400	954	7.95132041692344e-09
2L	1214400	1267200	1125	1.136823841842152e-08
2L	1267200	1320000	1454	2.6900996693225633e-08
2L	1320000	1372800	1427	3.9679355630294525e-09
2L	1372800	1425600	1176	1.3217831376218705e-08
2L	1425600	1478400	1426	1.8956162495481084e-08
2L	1478400	1531200	1244	2.969615501066958e-10
2L	1531200	1584000	1159	3.3334655276785025e-09
2L	1584000	1636800	1378	1.4573529787045631e-08
2L	1636800	1689600	1108	2.1028329115373872e-08
2L	1689600	1742400	1039	1.644945663624191e-08
2L	1742400	1795200	1757	1.4400430583625748e-08
2L	1795200	1848000	1638	1.3309225104977863e-08
2L	1848000	1900800	1086	2.009312461904755e-08
2L	1900800	1953600	1290	3.002330604709432e-08
2L	1953600	2006400	1311	5.374115960201273e-09
2L	2006400	2059200	1111	2.006326141997776e-08
2L	2059200	2112000	1038	2.1976985360911035e-08
2L	2112000	2164800	692	1.1679766086524056e-08
2L	2164800	2217600	944	5.5677710685368375e-09
2L	2217600	2270400	987	4.6479087399755615e-09
2L	2270400	2323200	1127	4.39472123826851e-09
2L	2323200	2376000	1139	5.408946583681978e-09
2L	2376000	2428800	1181	3.6493887572999607e-09
2L	2428800	2481600	851	5.568234649697801e-09
2L	2481600	2534400	1128	1.3055962877597053e-08
2L	2534400	2587200	1122	1.229456099296679e-08
2L	2587200	2640000	1147	1.8365823610156763e-08
2L	2640000	2692800	1354	1.493918619536421e-08
2L	2692800	2745600	1182	2.4541578379772523e-08
2L	2745600	2798400	833	1.0569458751778323e-08
2L	2798400	2851200	1394	1.5479899478763253e-08
2L	2851200	2904000	1049	1.7134954578331686e-08
2L	2904000	2956800	1015	1.2159193602063242e-08
2L	2956800	3009600	698	8.567707403192696e-09
2L	3009600	3062400	784	3.24160201411754e-09
2L	3062400	3115200	1010	1.4874191355241131e-08
2L	3115200	3168000	1356	5.3188110660786736e-09
2L	3168000	3220800	1056	1.1628891719896021e-08
2L	3220800	3273600	1394	2.638686713876134e-08
2L	3273600	3326400	1368	2.2044372691520853e-08
2L	3326400	3379200	1239	1.1512558790992106e-08
2L	3379200	3432000	1689	2.5620682529026993e-08
2L	3432000	3484800	1511	2.0764541283373046e-08
2L	3484800	3537600	1341	2.3137241027897574e-08
2L	3537600	3590400	1369	2.1347296076778445e-08
2L	3590400	3643200	1433	2.4504168169637012e-08
2L	3643200	3696000	1416	2.7978335624677407e-08
2L	3696000	3748800	1159	1.3759901001092344e-08
2L	3748800	3801600	1358	1.0107016804859469e-08
2L	3801600	3854400	1187	2.7298847459651527e-08
2L	3854400	3907200	1398	1.5415982803219822e-08
2L	3907200	3960000	1383	4.857746327426334e-09
2L	3960000	4012800	1511	1.4097613250238297e-08
2L	4012800	4065600	1489	1.909186911274512e-08
2L	4065600	4118400	1174	1.5928445093960367e-08
2L	4118400	4171200	1462	1.5784631516548872e-08
2L	4171200	4224000	1445	1.8582878992733215e-08
2L	4224000	4276800	1331	2.4218271689616588e-08
2L	4276800	4329600	1123	2.508749087816296e-08
2L	4329600	4382400	1472	1.310522429760665e-08
2L	4382400	4435200	1109	8.413388453489835e-09
2L	4435200	4488000	855	1.4740784455834907e-08
2L	4488000	4540800	735	5.867613333165923e-09
2L	4540800	4593600	797	5.03129374389692e-09
2L	4593600	4646400	810	9.540694328104933e-09
2L	4646400	4699200	1187	6.339055071041787e-09
2L	4699200	4752000	1309	2.3872164927471047e-08
2L	4752000	4804800	1238	5.881451963978255e-09
2L	4804800	4857600	1082	6.769294482326762e-09
2L	4857600	4910400	1057	1.5745746637539332e-08
2L	4910400	4963200	943	1.3519332832788858e-08
2L	4963200	5016000	674	3.0931184345758647e-09
2L	5016000	5068800	641	3.899877111274198e-09
2L	5068800	5121600	1136	1.5364506260454783e-08
2L	5121600	5174400	973	2.3788154371550556e-09
2L	5174400	5227200	749	0
2L	5227200	5280000	991	5.598818599039749e-09
2L	5280000	5332800	756	5.4753672742554335e-09
2L	5332800	5385600	1016	4.42788590219996e-09
2L	5385600	5438400	1368	8.28891634780364e-09
2L	5438400	5491200	1339	1.440667764995178e-08
2L	5491200	5544000	1250	1.0818807891707368e-08
2L	5544000	5596800	1147	5.598500521454852e-09
2L	5596800	5649600	1495	2.1338176724743425e-08
2L	5649600	5702400	1233	4.67461823362916e-09
2L	5702400	5755200	1145	4.480947334207821e-09
2L	5755200	5808000	1016	1.0586546962456193e-08
2L	5808000	5860800	1161	7.330565503535368e-09
2L	5860800	5913600	1593	2.0206353471661998e-08
2L	5913600	5966400	1232	7.237462953708423e-09
2L	5966400	6019200	1027	1.5301371525640885e-08
2L	6019200	6072000	973	7.80641803004858e-09
2L	6072000	6124800	1256	5.75433372349006e-09
2L	6124800	6177600	1128	1.8595860816150415e-08
2L	6177600	6230400	1148	1.0184213783539616e-08
2L	6230400	6283200	1427	1.9652663299560057e-08
2L	6283200	6336000	1155	2.1363320081068557e-08
2L	6336000	6388800	913	5.5353937030247375e-09
2L	6388800	6441600	736	7.765596945385685e-09
2L	6441600	6494400	1031	1.404392651371999e-09
2L	6494400	6547200	1155	9.315528108105495e-09
2L	6547200	6600000	1268	1.8289909375212154e-08
2L	6600000	6652800	948	9.954483939751223e-09
2L	6652800	6705600	746	5.793585850987746e-09
2L	6705600	6758400	1115	1.0204328243012783e-08
2L	6758400	6811200	1508	6.79961900668812e-09
2L	6811200	6864000	1345	1.9923464629514345e-08
2L	6864000	6916800	923	4.796419389949994e-09
2L	6916800	6969600	810	4.612426170239293e-09
2L	6969600	7022400	966	1.3279474699377894e-08
2L	7022400	7075200	1069	9.146423626411156e-09
2L	7075200	7128000	1539	1.6991383083904794e-08
2L	7128000	7180800	1382	1.0604577562574419e-08
2L	7180800	7233600	1295	1.2442379655003871e-08
2L	7233600	7286400	1369	1.717345416189791e-08
2L	7286400	7339200	977	1.0567568333224122e-08
2L	7339200	7392000	1212	1.4379166053735918e-08
2L	7392000	7444800	1451	1.0525235816065627e-08
2L	7444800	7497600	1551	1.4797087149189911e-08
2L	7497600	7550400	1249	1.6503668068170515e-08
2L	7550400	7603200	1563	7.556392129300608e-09
2L	7603200	7656000	1411	1.1847901672312633e-08
2L	7656000	7708800	1443	6.177590091058422e-09
2L	7708800	7761600	1162	5.8186801421535075e-09
2L	7761600	7814400	1241	3.0530981835486986e-09
2L	7814400	7867200	1048	1.935819084433333e-09
2L	7867200	7920000	1075	5.522062642826601e-09
2L	7920000	7972800	1122	6.160562788854252e-09
2L	7972800	8025600	833	1.1498900629731489e-08
2L	8025600	8078400	1063	4.847978412939842e-09
2L	8078400	8131200	897	5.736081484203637e-09
2L	8131200	8184000	1477	4.92599878394968e-09
2L	8184000	8236800	1229	2.7422290888892954e-08
2L	8236800	8289600	1239	2.414203965907076e-08
2L	8289600	8342400	1575	2.4821603959688767e-08
2L	8342400	8395200	1140	7.04673032417592e-09
2L	8395200	8448000	897	6.61541035145006e-09
2L	8448000	8500800	890	6.766913412178842e-09
2L	8500800	8553600	905	4.121352728941095e-09
2L	8553600	8606400	1066	6.671518335077787e-09
2L	8606400	8659200	1231	1.0967354635592143e-08
2L	8659200	8712000	920	2.8591001830648797e-09
2L	8712000	8764800	1108	1.6518939669521e-08
2L	8764800	8817600	1449	1.713246156066497e-08
2L	8817600	8870400	1263	1.1763642694486999e-08
2L	8870400	8923200	1377	2.8117060313210174e-08
2L	8923200	8976000	1215	9.038568818666332e-09
2L	8976000	9028800	1334	1.653560210247428e-08
2L	9028800	9081600	1346	1.0976777402060985e-08
2L	9081600	9134400	1638	1.9780320692833993e-08
2L	9134400	9187200	1494	2.954479328659538e-08
2L	9187200	9240000	1092	2.1786286569419476e-08
2L	9240000	9292800	1267	7.4462295671632455e-09
2L	9292800	9345600	1444	2.6208856484689938e-08
2L	9345600	9398400	1414	2.4278492123153984e-08
2L	9398400	9451200	1505	1.7662566900211027e-08
2L	9451200	9504000	1125	2.3637142250111307e-08
2L	9504000	9556800	1321	1.7260593244767366e-09
2L	9556800	9609600	1224	5.398734262924391e-09
2L	9609600	9662400	1601	9.13131042938985e-09
2L	9662400	9715200	1206	1.2054365043113713e-08
2L	9715200	9768000	1062	2.0836078567721253e-08
2L	9768000	9820800	1004	1.5406264235876376e-08
2L	9820800	9873600	1378	1.860330151937083e-08
2L	9873600	9926400	1219	9.04772821238314e-09
2L	9926400	9979200	1143	2.2455425933589287e-08
2L	9979200	10032000	1327	7.575384857716405e-09
2L	10032000	10084800	1325	2.6493083621357014e-08
2L	10084800	10137600	1339	2.4688632866051565e-08
2L	10137600	10190400	1038	2.3177489685701126e-08
2L	10190400	10243200	991	4.399239744669535e-09
2L	10243200	10296000	982	6.5148087277820696e-09
2L	10296000	10348800	941	5.533375827849641e-09
2L	10348800	10401600	910	9.137336984482382e-09
2L	10401600	10454400	1261	2.0286257493617843e-08
2L	10454400	10507200	1557	1.9474876258542574e-08
2L	10507200	10560000	1554	1.4258241020691918e-08
2L	10560000	10612800	1074	1.1104723546617665e-08
2L	10612800	10665600	1181	1.0879335123482678e-08
2L	10665600	10718400	1385	1.7835298960886646e-08
2L	10718400	10771200	971	1.1416865939130723e-08
2L	10771200	10824000	1230	2.2630483654620774e-08
2L	10824000	10876800	1212	2.0228653586596618e-08
2L	10876800	10929600	1098	1.755047133998461e-08
2L	10929600	10982400	1035	4.716949622852956e-09
2L	10982400	11035200	927	3.040148365278558e-09
2L	11035200	11088000	972	1.8182992868144402e-08
2L	11088000	11140800	785	2.5955187631138288e-09
2L	11140800	11193600	1283	2.73077054071081e-09
2L	11193600	11246400	1063	1.4540492438743244e-08
2L	11246400	11299200	757	2.4175526912325895e-08
2L	11299200	11352000	1248	1.5677700311082085e-08
2L	11352000	11404800	1324	2.5120533725147e-08
2L	11404800	11457600	1154	2.2563607842396593e-08
2L	11457600	11510400	1365	7.1045426171326405e-09
2L	11510400	11563200	928	2.36447371984017e-08
2L	11563200	11616000	994	1.4454077408029832e-09
2L	11616000	11668800	1085	8.358992674733991e-09
2L	11668800	11721600	959	1.8136711874582988e-08
2L	11721600	11774400	926	1.8768145645006057e-09
2L	11774400	11827200	729	1.8099393162437723e-09
2L	11827200	11880000	1395	6.3029115315723675e-09
2L	11880000	11932800	1261	2.079441717170819e-08
2L	11932800	11985600	1178	1.192328493199806e-08
2L	11985600	12038400	568	8.917862322970109e-09
2L	12038400	12091200	820	4.313410681743994e-09
2L	12091200	12144000	1327	6.525726007726039e-09
2L	12144000	12196800	1622	9.361431666518522e-09
2L	12196800	12249600	1122	8.649692464666741e-09
2L	12249600	12302400	1300	7.82719853496104e-09
2L	12302400	12355200	1346	1.1757799992750274e-08
2L	12355200	12408000	1283	1.6869070232958525e-08
2L	12408000	12460800	1150	9.66101450616702e-09
2L	12460800	12513600	1211	1.1574455335491042e-08
2L	12513600	12566400	982	1.5658904407271123e-08
2L	12566400	12619200	1237	1.032440817098415e-08
2L	12619200	12672000	1287	6.831912905032552e-09
2L	12672000	12724800	1004	3.733805645983344e-09
2L	12724800	12777600	924	8.671023965679277e-09
2L	12777600	12830400	731	6.7699509403211204e-09
2L	12830400	12883200	924	9.726566687022852e-09
2L	12883200	12936000	769	3.904439607128455e-09
2L	12936000	12988800	790	3.1143687242901296e-09
2L	12988800	13041600	680	4.112006662031733e-09
2L	13041600	13094400	996	5.782971985477596e-09
2L	13094400	13147200	1229	1.262087221917508e-08
2L	13147200	13200000	609	1.6189231139249663e-08
2L	13200000	13252800	850	6.248268735117616e-09
2L	13252800	13305600	997	4.514655662663807e-09
2L	13305600	13358400	1153	1.0319906583603599e-08
2L	13358400	13411200	503	7.872505979886061e-09
2L	13411200	13464000	953	5.914222978700029e-09
2L	13464000	13516800	832	2.409996063952354e-09
2L	13516800	13569600	719	3.5634254701453313e-09
2L	13569600	13622400	1017	6.0201901877274006e-09
2L	13622400	13675200	802	7.83609173608907e-09
2L	13675200	13728000	1184	1.762874013861173e-08
2L	13728000	13780800	1017	5.986931905216e-09
2L	13780800	13833600	564	5.7876359954546906e-09
2L	13833600	13886400	902	6.0392207019555885e-09
2L	13886400	13939200	1127	4.853177063963889e-09
2L	13939200	13992000	1233	1.5615774863256507e-08
2L	13992000	14044800	1172	6.792873957192829e-09
2L	14044800	14097600	1028	6.653906762699946e-09
2L	14097600	14150400	887	4.240322769169424e-09
2L	14150400	14203200	1045	6.839806192050622e-09
2L	14203200	14256000	1171	9.086415244597024e-09
2L	14256000	14308800	1015	6.95169020168746e-11
2L	14308800	14361600	1211	3.4031628685502554e-09
2L	14361600	14414400	1136	5.8836243662070045e-09
2L	14414400	14467200	1146	1.1223604480004834e-08
2L	14467200	14520000	1005	5.939560903760604e-09
2L	14520000	14572800	1135	6.060412339065547e-09
2L	14572800	14625600	861	5.936086864890119e-09
2L	14625600	14678400	826	5.220406659202794e-09
2L	14678400	14731200	999	9.042179049939484e-10
2L	14731200	14784000	935	3.3858851648430847e-09
2L	14784000	14836800	925	1.549103289348163e-09
2L	14836800	14889600	917	1.6699287051807498e-08
2L	14889600	14942400	980	1.8674021051062834e-08
2L	14942400	14995200	874	5.2610021569260476e-09
2L	14995200	15048000	1133	9.40978509909606e-09
2L	15048000	15100800	1065	2.3076349473214742e-08
2L	15100800	15153600	1103	6.737525073616998e-09
2L	15153600	15206400	1036	4.796193803010353e-09
2L	15206400	15259200	1024	6.652412249224818e-09
2L	15259200	15312000	1105	8.611734078267902e-09
2L	15312000	15364800	1160	7.372374095026545e-09
2L	15364800	15417600	1018	6.9156428814847275e-09
2L	15417600	15470400	952	1.1083140516167428e-08
2L	15470400	15523200	948	4.739260171183538e-09
2L	15523200	15576000	998	4.1570924677885564e-09
2L	15576000	15628800	823	6.489205738067416e-09
2L	15628800	15681600	421	1.0023941030532257e-08
2L	15681600	15734400	111	9.552763229375774e-09
2L	15734400	15787200	1168	1.0111414622247789e-08
2L	15787200	15840000	984	7.97001593454626e-09
2L	15840000	15892800	821	9.077835609315093e-09
2L	15892800	15945600	698	5.777124772002078e-09
2L	15945600	15998400	791	4.1019319493073255e-09
2L	15998400	16051200	907	8.30525053413576e-09
2L	16051200	16104000	894	5.4044980092322405e-09
2L	16104000	16156800	928	1.0916677657536295e-08
2L	16156800	16209600	966	1.049685133938519e-08
2L	16209600	16262400	1134	2.151441848951221e-09
2L	16262400	16315200	729	4.371756487812967e-09
2L	16315200	16368000	1051	6.09531289449754e-09
2L	16368000	16420800	1416	1.899238132459161e-08
2L	16420800	16473600	1229	6.912166586744845e-09
2L	16473600	16526400	949	9.853616687461805e-09
2L	16526400	16579200	1041	1.3840943673126035e-08
2L	16579200	16632000	1069	9.788228621104562e-09
2L	16632000	16684800	792	4.313649803900013e-09
2L	16684800	16737600	883	3.977060554737965e-09
2L	16737600	16790400	678	5.012017339904522e-09
2L	16790400	16843200	819	9.127539743693736e-09
2L	16843200	16896000	993	2.094101032698353e-09
2L	16896000	16948800	901	3.4809768275103223e-09
2L	16948800	17001600	761	5.218585044665186e-09
2L	17001600	17054400	1016	1.1510718565531977e-08
2L	17054400	17107200	796	4.082423190767097e-09
2L	17107200	17160000	874	3.0545182533337457e-09
2L	17160000	17212800	854	5.91800155993903e-09
2L	17212800	17265600	945	1.3030195491400137e-08
2L	17265600	17318400	855	4.43710676835782e-09
2L	17318400	17371200	981	3.192349617585531e-09
2L	17371200	17424000	1074	8.460175748738908e-09
2L	17424000	17476800	856	9.096038219474796e-09
2L	17476800	17529600	913	1.57478362775596e-08
2L	17529600	17582400	1057	5.211783598434984e-09
2L	17582400	17635200	965	7.741601262615979e-09
2L	17635200	17688000	803	2.4245464215592545e-09
2L	17688000	17740800	667	5.55169461528326e-09
2L	17740800	17793600	1093	1.1202727536675678e-08
2L	17793600	17846400	822	4.891710697058816e-09
2L	17846400	17899200	998	1.7723281228154402e-08
2L	17899200	17952000	753	2.1666399518281502e-08
2L	17952000	18004800	598	3.150074625096644e-09
2L	18004800	18057600	702	9.30781529063914e-09
2L	18057600	18110400	593	3.2860640719862557e-09
2L	18110400	18163200	758	3.253643844955623e-09
2L	18163200	18216000	761	1.0631888245422161e-08
2L	18216000	18268800	809	1.3818306587700322e-08
2L	18268800	18321600	985	6.158849456047673e-09
2L	18321600	18374400	782	5.898179235552699e-09
2L	18374400	18427200	821	2.4648901366307143e-08
2L	18427200	18480000	886	4.0635347963108835e-09
2L	18480000	18532800	954	7.0130411706098026e-09
2L	18532800	18585600	918	9.102968250260594e-09
2L	18585600	18638400	924	8.162195140329217e-09
2L	18638400	18691200	755	6.405555844978815e-09
2L	18691200	18744000	491	5.4167225654914334e-09
2L	18744000	18796800	686	1.0915977210088708e-08
2L	18796800	18849600	720	8.224555265989117e-09
2L	18849600	18902400	819	2.708430074483573e-08
2L	18902400	18955200	907	1.6863482091984e-08
2L	18955200	19008000	650	9.28787960881564e-09
2L	19008000	19060800	439	6.4423829128753495e-09
2L	19060800	19113600	735	6.495792876704959e-09
2L	19113600	19166400	549	2.6206378688429513e-09
2L	19166400	19219200	741	7.65873754001203e-09
2L	19219200	19272000	964	1.759037950250114e-08
2L	19272000	19324800	927	1.4987286265610162e-08
2L	19324800	19377600	884	1.2241035415830614e-08
2L	19377600	19430400	926	1.2473966902259875e-08
2L	19430400	19483200	544	8.908083129136634e-09
2L	19483200	19536000	325	4.8532887294990125e-09
2L	19536000	19588800	497	5.711624476142364e-09
2L	19588800	19641600	756	8.931335502940219e-09
2L	19641600	19694400	545	9.445275564375215e-09
2L	19694400	19747200	595	7.763853158342253e-09
2L	19747200	19800000	797	9.64318185858833e-09
2L	19800000	19852800	1110	2.057870191654505e-08
2L	19852800	19905600	1182	1.4159875809546802e-08
2L	19905600	19958400	1176	1.2639254452935473e-08
2L	19958400	20011200	848	2.2613624414686637e-08
2L	20011200	20064000	963	4.778083683495904e-09
2L	20064000	20116800	766	2.2090513116220503e-08
2L	20116800	20169600	533	1.9167461886300736e-08
2L	20222400	20275200	674	5.536086254929438e-09
2L	20275200	20328000	649	9.770099326700243e-09
2L	20328000	20380800	641	1.6183583393975932e-08
2L	20380800	20433600	681	1.0967644514809584e-08
2L	20433600	20486400	566	2.015557864527108e-08
2L	20486400	20539200	888	1.6695111120323092e-08
2L	20539200	20592000	524	5.424743309130401e-09
2L	20592000	20644800	712	2.5243683891366896e-08
2L	20644800	20697600	520	1.5090956294632793e-08
2L	20697600	20750400	439	1.7911221232365978e-08
2L	20750400	20803200	631	2.1281384084753886e-08
2L	20803200	20856000	687	1.918637509532031e-08
2L	20856000	20908800	612	2.079769635985956e-08
2L	20908800	20961600	677	2.2089792929915698e-08
2L	20961600	21014400	529	1.4304989966161252e-08
2L	21014400	21067200	347	3.071633534444373e-09
2L	21067200	21120000	512	9.92642318032917e-09
2L	21120000	21172800	303	1.0290535164062225e-08
2L	21172800	21225600	346	5.009143362293484e-09
2L	21225600	21278400	235	2.742211182354747e-09
2L	21278400	21331200	353	1.0386173875058094e-08
2L	21331200	21384000	253	3.554328676804273e-09
2L	21384000	21436800	88	3.93326623421059e-09
2L	21542400	21595200	67	6.331073805117258e-09
2L	21595200	21648000	160	3.9934787722051e-09
2L	21648000	21700800	183	3.2401018609689226e-09
2L	21700800	21753600	240	6.812092836515618e-09
2L	21753600	21806400	366	6.027605230433428e-09
2L	21806400	21859200	495	1.1433964301220877e-08
2L	21859200	21912000	569	1.845835246419783e-08
2L	21912000	21964800	452	1.2430520267603225e-08
2L	21964800	22017600	435	2.0711667652492435e-08
2L	22017600	22070400	487	1.631134945670845e-08
2L	22070400	22123200	404	6.774109635553417e-09
2L	22123200	22176000	327	5.302778602278325e-09
2L	22176000	22228800	221	5.2743693110345265e-09
2L	22228800	22281600	180	1.6914136822865372e-09
2L	22281600	22334400	144	4.001453270521441e-09
2L	22334400	22387200	131	5.911344489350198e-09
2L	22492800	22545600	70	4.311920680007659e-09
2L	22545600	22598400	206	6.681595303671588e-09
2L	22598400	22651200	83	5.690554655979813e-09
2L	22651200	22704000	143	6.4554511642888035e-09
2L	22704000	22756800	243	2.760099098733649e-09
2L	22915200	22968000	102	2.8473256727502737e-09
2L	22968000	23020800	121	7.763576814341193e-09
2L	23020800	23073600	67	1.3557014875186635e-08
2L	23126400	23179200	58	6.6473737649279175e-09
2L	23284800	23337600	147	6.588664763886121e-09
2R	528300	587000	51	8.525673224761878e-09
2R	1056600	1115300	57	6.866411915711984e-09
2R	1291400	1350100	67	4.3175231316536654e-09
2R	1350100	1408800	57	6.195660732858432e-09
2R	1408800	1467500	58	6.996211256977822e-09
2R	1702300	1761000	87	5.14621337062398e-09
2R	1878400	1937100	54	8.457216612058156e-09
2R	1995800	2054500	65	4.934627484390982e-09
2R	2054500	2113200	52	5.154786802265069e-09
2R	3287200	3345900	140	4.650696994549536e-09
2R	3463300	3522000	66	5.767063594494051e-09
2R	3522000	3580700	50	1.0895109290237136e-08
2R	3639400	3698100	67	5.648366514462689e-09
2R	3756800	3815500	82	7.446161327114004e-09
2R	3815500	3874200	64	6.792357363101048e-09
2R	3874200	3932900	66	4.775677798784623e-09
2R	3991600	4050300	55	9.13343320249188e-09
2R	4109000	4167700	81	6.072578242720431e-09
2R	4167700	4226400	66	1.2160327740402292e-08
2R	4343800	4402500	51	5.551440829976163e-09
2R	4402500	4461200	51	6.205471508863458e-09
2R	4461200	4519900	130	5.819970499448258e-09
2R	4519900	4578600	94	5.018162328140368e-09
2R	4578600	4637300	171	1.0179868979082115e-08
2R	4637300	4696000	111	5.982661544448579e-09
2R	4696000	4754700	212	6.405340409451456e-09
2R	4754700	4813400	92	5.617955139129567e-09
2R	4813400	4872100	165	1.7627499122747882e-09
2R	4872100	4930800	195	2.9766208272060107e-09
2R	4930800	4989500	248	7.096642562506382e-09
2R	4989500	5048200	360	4.162044101113695e-09
2R	5048200	5106900	257	9.430566167975867e-09
2R	5106900	5165600	277	6.579619855541179e-09
2R	5165600	5224300	251	1.4482397034177273e-08
2R	5224300	5283000	282	7.569451357236476e-09
2R	5283000	5341700	215	1.5147603431046263e-08
2R	5341700	5400400	259	4.417706291548619e-09
2R	5400400	5459100	297	2.0057567041653852e-08
2R	5459100	5517800	404	1.7948205083185563e-08
2R	5517800	5576500	201	4.1057330892402925e-09
2R	5576500	5635200	190	1.6406038842078506e-10
2R	5635200	5693900	351	1.0932502017384823e-08
2R	5693900	5752600	523	1.7534499784657964e-08
2R	5752600	5811300	426	1.211850899749883e-08
2R	5811300	5870000	646	1.3252266658587688e-08
2R	5870000	5928700	471	1.8607247034945167e-08
2R	5928700	5987400	390	8.811730711748339e-10
2R	5987400	6046100	360	6.870081363556789e-10
2R	6046100	6104800	421	8.76766089888306e-09
2R	6104800	6163500	488	6.926008601361271e-09
2R	6163500	6222200	418	1.1516452421570323e-08
2R	6222200	6280900	211	8.792511556154009e-09
2R	6457000	6515700	250	2.1765226049006053e-09
2R	6515700	6574400	876	2.6372876236764748e-08
2R	6574400	6633100	574	1.627574066402986e-08
2R	6633100	6691800	424	4.971553810540961e-09
2R	6691800	6750500	434	5.055169865588616e-09
2R	6750500	6809200	576	8.895225237544396e-09
2R	6809200	6867900	661	1.3464509566782391e-08
2R	6867900	6926600	789	1.10272863178468e-08
2R	6926600	6985300	510	2.6751035795500843e-09
2R	6985300	7044000	504	1.797270650367558e-08
2R	7044000	7102700	788	6.379365201286393e-09
2R	7102700	7161400	639	1.1020062460072118e-08
2R	7161400	7220100	463	3.842709996964853e-09
2R	7220100	7278800	480	1.1615984199177062e-08
2R	7278800	7337500	620	2.1689022780795017e-09
2R	7337500	7396200	659	1.070204860348753e-08
2R	7396200	7454900	559	4.114195983280957e-09
2R	7454900	7513600	418	1.7479186989280342e-09
2R	7513600	7572300	407	8.338197506670454e-09
2R	7572300	7631000	647	8.024371107652968e-09
2R	7631000	7689700	690	6.081527276616025e-09
2R	7689700	7748400	822	2.2466600946611795e-08
2R	7748400	7807100	604	6.792480307983153e-09
2R	7807100	7865800	472	4.162420831302898e-09
2R	7865800	7924500	767	8.451602317097819e-09
2R	7924500	7983200	561	3.756853863606554e-09
2R	7983200	8041900	848	7.79812827398409e-09
2R	8041900	8100600	553	1.4978420839874075e-08
2R	8100600	8159300	430	5.14740446966529e-09
2R	8159300	8218000	763	1.674507083765476e-08
2R	8218000	8276700	822	1.5457457385048493e-08
2R	8276700	8335400	858	1.4060855832309377e-08
2R	8335400	8394100	586	9.548398122093703e-09
2R	8394100	8452800	731	1.0802596086290005e-08
2R	8452800	8511500	632	7.0271877275947445e-09
2R	8511500	8570200	846	3.079454633641758e-09
2R	8570200	8628900	907	1.0742675683382332e-08
2R	8628900	8687600	701	5.35595169982131e-09
2R	8687600	8746300	643	2.549883653158976e-09
2R	8746300	8805000	690	1.0502240047405884e-08
2R	8805000	8863700	717	7.86724642038831e-09
2R	8863700	8922400	378	8.557787493793492e-10
2R	8922400	8981100	451	4.186571041126257e-09
2R	8981100	9039800	845	2.308417452018357e-08
2R	9039800	9098500	710	2.3160781025049204e-08
2R	9098500	9157200	360	1.0033067150175468e-08
2R	9157200	9215900	695	5.361665817002439e-09
2R	9215900	9274600	822	1.7715998012816228e-08
2R	9274600	9333300	590	8.298246059659879e-09
2R	9333300	9392000	635	9.995197870617788e-09
2R	9392000	9450700	1014	9.526066143003858e-09
2R	9450700	9509400	734	3.2776372718559322e-09
2R	9509400	9568100	587	1.2845382827131185e-08
2R	9568100	9626800	663	2.9177843695433165e-09
2R	9626800	9685500	703	5.476284285165077e-09
2R	9685500	9744200	671	3.626631546828888e-09
2R	9744200	9802900	1055	9.856169767651202e-09
2R	9802900	9861600	799	1.0734404538240361e-08
2R	9861600	9920300	486	5.872853717773804e-09
2R	9920300	9979000	714	1.4552066881640756e-08
2R	9979000	10037700	661	4.3222694808637296e-09
2R	10037700	10096400	693	1.7295645583624326e-08
2R	10096400	10155100	810	6.261288485339046e-09
2R	10155100	10213800	1033	2.1554160992332086e-08
2R	10213800	10272500	1260	1.2168069320203452e-08
2R	10272500	10331200	1067	1.7002588621660073e-08
2R	10331200	10389900	1345	1.5963668802683397e-08
2R	10389900	10448600	1284	1.826234251019608e-08
2R	10448600	10507300	974	1.5877721306614544e-08
2R	10507300	10566000	811	1.1742903923158373e-08
2R	10566000	10624700	819	8.815340102782597e-10
2R	10624700	10683400	1016	4.794062006430737e-09
2R	10683400	10742100	1084	4.5064465539302395e-09
2R	10742100	10800800	1182	1.7388235557626855e-08
2R	10800800	10859500	1125	7.979514272639881e-09
2R	10859500	10918200	1223	6.423900574910492e-09
2R	10918200	10976900	1249	1.2004978986319965e-08
2R	10976900	11035600	845	2.2322273242465673e-08
2R	11035600	11094300	1087	1.527212572982653e-08
2R	11094300	11153000	1178	5.300512581469623e-09
2R	11153000	11211700	1198	1.1988017104328294e-08
2R	11211700	11270400	1447	5.589994765895657e-09
2R	11270400	11329100	826	4.52351671765294e-09
2R	11329100	11387800	933	6.01891787738782e-09
2R	11387800	11446500	1505	1.068913600706243e-08
2R	11446500	11505200	946	9.20507961452214e-09
2R	11505200	11563900	1361	1.2669357056144959e-08
2R	11563900	11622600	990	4.949412452415111e-09
2R	11622600	11681300	852	1.2637752884156334e-09
2R	11681300	11740000	993	3.5784371530437982e-09
2R	11740000	11798700	1194	3.029846937679811e-09
2R	11798700	11857400	908	1.3574763491630308e-08
2R	11857400	11916100	895	2.8935946820055187e-09
2R	11916100	11974800	1014	6.880626148778818e-09
2R	11974800	12033500	1036	8.667288245958807e-09
2R	12033500	12092200	1158	1.1872586523182945e-08
2R	12092200	12150900	651	8.848638714671604e-09
2R	12150900	12209600	371	4.204079971446562e-09
2R	12209600	12268300	1284	8.48173001685434e-09
2R	12268300	12327000	1204	1.7587204084342008e-08
2R	12327000	12385700	899	8.850694375659092e-09
2R	12385700	12444400	1169	9.700937190842791e-09
2R	12444400	12503100	1090	1.3355807962062885e-08
2R	12503100	12561800	1188	1.1350268726776998e-08
2R	12561800	12620500	1015	7.655909807723619e-09
2R	12620500	12679200	1462	1.0604698815554478e-08
2R	12679200	12737900	1200	9.610882320570407e-09
2R	12737900	12796600	1067	1.6922717732785985e-08
2R	12796600	12855300	951	4.908459399392526e-09
2R	12855300	12914000	906	2.7716186958064615e-09
2R	12914000	12972700	1047	3.2076444120932503e-09
2R	12972700	13031400	1256	3.7231116971096214e-09
2R	13031400	13090100	1678	1.278756715037037e-08
2R	13090100	13148800	1186	1.8158925555809223e-09
2R	13148800	13207500	972	4.1767444740354586e-09
2R	13207500	13266200	1160	8.852334956677636e-09
2R	13266200	13324900	1328	2.558939840850899e-09
2R	13324900	13383600	1297	2.2297750250224556e-08
2R	13383600	13442300	1291	7.936270384245233e-09
2R	13442300	13501000	1287	1.328290982450129e-08
2R	13501000	13559700	1465	9.385031444209155e-09
2R	13559700	13618400	1476	1.5026069172273393e-08
2R	13618400	13677100	1172	8.732612584005601e-09
2R	13677100	13735800	1185	1.6570409920525304e-08
2R	13735800	13794500	1324	2.3646118918407004e-08
2R	13794500	13853200	1277	4.250217012342117e-09
2R	13853200	13911900	1193	6.415353085767461e-09
2R	13911900	13970600	1040	1.7745361959790225e-08
2R	13970600	14029300	847	8.008360074611887e-09
2R	14029300	14088000	1175	1.3628101267639233e-08
2R	14088000	14146700	1061	9.654555952085074e-09
2R	14146700	14205400	572	1.1799337315946532e-08
2R	14205400	14264100	731	7.697667078186027e-09
2R	14264100	14322800	825	9.748556901899143e-09
2R	14322800	14381500	1024	4.07609773297954e-09
2R	14381500	14440200	1114	3.580118903678829e-09
2R	14440200	14498900	1003	2.2650028507071347e-08
2R	14498900	14557600	1029	6.861039562744413e-09
2R	14557600	14616300	926	1.4854518905177823e-08
2R	14616300	14675000	1254	1.7665751200855908e-08
2R	14675000	14733700	1254	2.2709377047087028e-08
2R	14733700	14792400	1168	8.868105739628e-09
2R	14792400	14851100	1066	8.234434846010733e-09
2R	14851100	14909800	570	4.9594149773188316e-09
2R	14909800	14968500	1113	8.137511417393603e-09
2R	14968500	15027200	867	4.365681431528411e-09
2R	15027200	15085900	969	9.208596514911155e-09
2R	15085900	15144600	664	2.6371350417389604e-09
2R	15144600	15203300	1369	3.941356909800846e-09
2R	15203300	15262000	723	3.1952923992131597e-09
2R	15262000	15320700	928	2.502182166837004e-09
2R	15320700	15379400	686	6.808817314152018e-09
2R	15379400	15438100	1090	4.9383135749847315e-09
2R	15438100	15496800	871	5.0970591044107155e-09
2R	15496800	15555500	1161	1.302615719748474e-09
2R	15555500	15614200	1168	1.2712435420122646e-08
2R	15614200	15672900	808	5.092305987592461e-09
2R	15672900	15731600	906	1.565745924093904e-08
2R	15731600	15790300	926	1.0784762874743966e-08
2R	15790300	15849000	1109	1.2235175231106067e-08
2R	15849000	15907700	883	1.545404890738234e-08
2R	15907700	15966400	997	3.783719012248504e-09
2R	15966400	16025100	945	5.895869225290766e-09
2R	16025100	16083800	884	8.72348702832974e-09
2R	16083800	16142500	1354	8.061315480758118e-09
2R	16142500	16201200	1196	7.572281345394283e-09
2R	16201200	16259900	1462	1.1468367437450961e-08
2R	16259900	16318600	1386	1.7194221907049095e-08
2R	16318600	16377300	1099	4.031176605688653e-09
2R	16377300	16436000	1245	7.251734711444865e-09
2R	16436000	16494700	1395	5.5793267595199925e-09
2R	16494700	16553400	1110	7.705399634509601e-09
2R	16553400	16612100	1271	5.0663127324722266e-09
2R	16612100	16670800	1178	2.7541357079842166e-09
2R	16670800	16729500	1086	1.0094454996125513e-08
2R	16729500	16788200	1383	3.7139675305112374e-09
2R	16788200	16846900	1191	3.0704356677948746e-09
2R	16846900	16905600	934	2.2568811845398307e-09
2R	16905600	16964300	1316	7.422537862794708e-09
2R	16964300	17023000	1158	9.860032943992568e-09
2R	17023000	17081700	645	3.1967079572594123e-09
2R	17081700	17140400	1273	3.2577066657385737e-09
2R	17140400	17199100	950	5.720894971426947e-09
2R	17199100	17257800	1144	5.370463707648473e-09
2R	17257800	17316500	1127	1.1072778744062326e-08
2R	17316500	17375200	870	1.8498625648868936e-09
2R	17375200	17433900	845	5.34261048821089e-09
2R	17433900	17492600	877	3.052533088264897e-09
2R	17492600	17551300	1008	6.716430438891086e-09
2R	17551300	17610000	742	6.524371358153489e-09
2R	17610000	17668700	1370	2.1648041817100798e-08
2R	17668700	17727400	1294	4.2179208581282875e-09
2R	17727400	17786100	1175	4.1781667996898996e-09
2R	17786100	17844800	912	5.964613461342531e-09
2R	17844800	17903500	1659	1.4085842123727784e-08
2R	17903500	17962200	1491	6.566570779017595e-09
2R	17962200	18020900	1163	4.569273644555199e-09
2R	18020900	18079600	1204	3.2968031382479065e-09
2R	18079600	18138300	936	1.465603411574423e-09
2R	18138300	18197000	900	3.3556046299349567e-09
2R	18197000	18255700	1184	1.0273219110575316e-08
2R	18255700	18314400	1287	8.740334988916892e-09
2R	18314400	18373100	813	1.1749635437437285e-08
2R	18373100	18431800	1451	2.286901815666339e-08
2R	18431800	18490500	1425	3.8554669384016006e-09
2R	18490500	18549200	1287	1.9308448924142288e-09
2R	18549200	18607900	1074	1.2830776918740396e-08
2R	18607900	18666600	1198	2.0901792037526786e-09
2R	18666600	18725300	1379	7.97733510280294e-09
2R	18725300	18784000	1413	1.5838806008616113e-08
2R	18784000	18842700	1230	1.8004883096811396e-08
2R	18842700	18901400	905	3.307004179658511e-09
2R	18901400	18960100	1037	4.672780828005777e-09
2R	18960100	19018800	1016	4.077652026993671e-09
2R	19018800	19077500	1005	2.369268597869412e-09
2R	19077500	19136200	1161	5.046664110029419e-09
2R	19136200	19194900	1332	8.209555990372329e-09
2R	19194900	19253600	1214	5.3929141198816316e-09
2R	19253600	19312300	971	2.3132147551071988e-09
2R	19312300	19371000	1054	1.6823600267355465e-10
2R	19371000	19429700	1340	7.686530978910606e-09
2R	19429700	19488400	767	3.750439575249365e-10
2R	19488400	19547100	1149	1.1431211012622549e-08
2R	19547100	19605800	1048	2.180086174158974e-08
2R	19605800	19664500	886	4.65111658625727e-09
2R	19664500	19723200	856	6.177076880770735e-09
2R	19723200	19781900	170	7.100952400988239e-09
2R	19781900	19840600	1114	8.677240577768457e-09
2R	19840600	19899300	951	1.2331937083077679e-08
2R	19899300	19958000	1045	1.3601806008003552e-08
2R	19958000	20016700	981	5.96346184001566e-09
2R	20016700	20075400	1156	1.2458933224634791e-08
2R	20075400	20134100	858	7.420232364271567e-09
2R	20134100	20192800	1096	2.071913091440681e-08
2R	20192800	20251500	1399	1.347595951388759e-08
2R	20251500	20310200	1229	4.090296174960598e-09
2R	20310200	20368900	941	1.508480806358469e-08
2R	20368900	20427600	1046	9.84820993248594e-09
2R	20427600	20486300	1283	1.1252124308849058e-08
2R	20486300	20545000	1347	1.845425030669228e-08
2R	20545000	20603700	1262	6.237291674634642e-09
2R	20603700	20662400	1198	7.40542145374938e-09
2R	20662400	20721100	1148	1.1392441077208349e-08
2R	20721100	20779800	1395	5.593361650969811e-09
2R	20779800	20838500	1160	6.46733282839974e-09
2R	20838500	20897200	1636	8.744775103856393e-09
2R	20897200	20955900	1355	9.005236092464849e-09
2R	20955900	21014600	1269	4.130769855736444e-09
2R	21014600	21073300	1644	1.2671687651215135e-08
2R	21073300	21132000	1554	1.1043288327410295e-08
2R	21132000	21190700	1147	4.872673415222438e-09
2R	21190700	21249400	1467	1.836567162095618e-08
2R	21249400	21308100	1461	1.4003619631999767e-08
2R	21308100	21366800	911	3.1031390064347565e-09
2R	21366800	21425500	1385	1.534886124222327e-08
2R	21425500	21484200	1348	1.472122071047814e-08
2R	21484200	21542900	1425	1.565616155206875e-08
2R	21542900	21601600	1225	1.930265557526076e-08
2R	21601600	21660300	946	1.5473989800191681e-09
2R	21660300	21719000	1229	9.7587872696119e-09
2R	21719000	21777700	1222	8.833248045714539e-09
2R	21777700	21836400	1327	7.943300237251823e-09
2R	21836400	21895100	1715	2.4968661265804555e-08
2R	21895100	21953800	1532	2.1102150749469625e-08
2R	21953800	22012500	1485	1.7353997804821894e-08
2R	22012500	22071200	1428	2.501883687688705e-08
2R	22071200	22129900	1293	6.268520802623963e-09
2R	22129900	22188600	1424	2.3560225563203664e-08
2R	22188600	22247300	1131	1.538865717523733e-08
2R	22247300	22306000	1159	8.588889452857719e-09
2R	22306000	22364700	1112	1.2637811824456463e-08
2R	22364700	22423400	1172	1.0071714140707565e-08
2R	22423400	22482100	1394	2.5472274521110097e-08
2R	22482100	22540800	1152	1.1215221669327744e-08
2R	22540800	22599500	1154	2.1218078749816885e-08
2R	22599500	22658200	1220	1.1294845399511087e-08
2R	22658200	22716900	1462	1.0092670603432946e-08
2R	22716900	22775600	1078	1.1393290976003449e-08
2R	22775600	22834300	1096	9.106475563204677e-09
2R	22834300	22893000	1388	9.05263585625505e-09
2R	22893000	22951700	984	2.2099281680564383e-08
2R	22951700	23010400	1334	9.689228664708028e-09
2R	23010400	23069100	1251	1.086196154532616e-08
2R	23069100	23127800	1313	5.090280216874476e-09
2R	23127800	23186500	1076	5.8055848203072965e-09
2R	23186500	23245200	1270	6.30951107749159e-09
2R	23245200	23303900	1378	9.637010927854428e-09
2R	23303900	23362600	1200	2.8394132108423336e-09
2R	23362600	23421300	837	9.703594041024423e-09
2R	23421300	23480000	1354	1.0329673370155392e-08
2R	23480000	23538700	1118	1.7396438180735906e-08
2R	23538700	23597400	1100	1.4776839452430518e-08
2R	23597400	23656100	1432	1.2718991540555987e-08
2R	23656100	23714800	1150	1.4265525504956628e-08
2R	23714800	23773500	1242	1.6475753499659738e-08
2R	23773500	23832200	1247	2.575145866174148e-08
2R	23832200	23890900	623	1.5724662007521724e-09
2R	23890900	23949600	726	3.1594522741775577e-09
2R	23949600	24008300	934	1.2265481708512255e-08
2R	24008300	24067000	960	2.4947007739435683e-08
2R	24067000	24125700	968	3.709367812811941e-09
2R	24125700	24184400	646	2.199780618377681e-09
2R	24184400	24243100	912	9.951502808343856e-09
2R	24243100	24301800	1050	1.7613327474928047e-08
2R	24301800	24360500	1033	2.1892711719934324e-08
2R	24360500	24419200	708	1.1253962278439791e-08
2R	24419200	24477900	1027	2.1023871235462873e-08
2R	24477900	24536600	838	1.8392485448569358e-08
2R	24536600	24595300	716	9.466322825843803e-09
2R	24595300	24654000	608	8.795537240981957e-09
2R	24654000	24712700	451	1.3423754178603517e-09
2R	24712700	24771400	338	9.847886215227551e-09
2R	24771400	24830100	438	8.32590414639467e-09
2R	24830100	24888800	496	5.773055183610939e-09
2R	24888800	24947500	289	8.342487042327744e-09
2R	24947500	25006200	326	5.307694141693121e-09
2R	25006200	25064900	601	2.1123961335033078e-09
2R	25064900	25123600	819	2.0308419430839795e-09
2R	25123600	25182300	614	1.3239987679479306e-08
2R	25182300	25241000	812	2.562918941252089e-08
2R	25241000	25286936	208	1.3936322395173967e-08
3L	0	58800	212	2.064207379391711e-09
3L	58800	117600	144	1.4523524347398588e-09
3L	117600	176400	150	1.811346978747138e-09
3L	176400	235200	122	1.459153880970061e-09
3L	235200	294000	286	1.201963339019062e-09
3L	294000	352800	627	4.414724032206553e-09
3L	352800	411600	696	1.6480355696628027e-09
3L	411600	470400	1220	1.3204780607793073e-08
3L	470400	529200	1291	5.592887918396563e-09
3L	529200	588000	904	4.709058591704283e-09
3L	588000	646800	889	1.408437425199775e-09
3L	646800	705600	1134	2.684837655995631e-09
3L	705600	764400	1124	3.9863254103490564e-09
3L	764400	823200	1138	1.4138585760134426e-08
3L	823200	882000	1253	1.811518467690031e-08
3L	882000	940800	1227	2.263665966106082e-08
3L	940800	999600	1257	1.4576310710044068e-08
3L	999600	1058400	1264	2.484785551185489e-08
3L	1058400	1117200	1302	2.4198503506095768e-08
3L	1117200	1176000	1001	1.7368333567140314e-09
3L	1176000	1234800	1316	1.3971998123727304e-08
3L	1234800	1293600	1600	2.3467604077525506e-08
3L	1293600	1352400	1109	4.260372936364793e-09
3L	1352400	1411200	1713	2.1260113492215054e-08
3L	1411200	1470000	1553	2.6997264791783104e-08
3L	1470000	1528800	897	3.560442082868567e-09
3L	1528800	1587600	1180	1.6985054171817222e-08
3L	1587600	1646400	1108	2.0169427427495693e-08
3L	1646400	1705200	1503	1.991428211313622e-08
3L	1705200	1764000	786	1.2193749573444934e-08
3L	1764000	1822800	544	1.1747342346195826e-08
3L	1822800	1881600	1236	1.291823697523955e-08
3L	1881600	1940400	1253	1.563792284799871e-08
3L	1940400	1999200	1227	9.92212800499839e-09
3L	1999200	2058000	1340	8.074709141332004e-09
3L	2058000	2116800	829	3.72965710216333e-09
3L	2116800	2175600	1660	1.6794375788894113e-08
3L	2175600	2234400	1268	1.5533109798151277e-08
3L	2234400	2293200	1194	4.115238194942102e-09
3L	2293200	2352000	1452	4.15527649292444e-09
3L	2352000	2410800	1437	7.742541960154286e-09
3L	2410800	2469600	1087	1.0334357682957057e-08
3L	2469600	2528400	1153	1.1908562000382333e-08
3L	2528400	2587200	1438	1.4189621985391655e-08
3L	2587200	2646000	1222	1.085685876875146e-08
3L	2646000	2704800	1376	7.885440571037777e-09
3L	2704800	2763600	1087	3.817956342077951e-09
3L	2763600	2822400	980	2.3578423661624576e-08
3L	2822400	2881200	1155	4.067710410563655e-09
3L	2881200	2940000	1196	9.184220718148151e-09
3L	2940000	2998800	1247	1.3311694154032244e-08
3L	2998800	3057600	1443	1.2684865594277989e-08
3L	3057600	3116400	920	7.783729623594098e-09
3L	3116400	3175200	920	1.3178007385829028e-08
3L	3175200	3234000	734	2.230679261500429e-09
3L	3234000	3292800	1179	3.828777747572571e-09
3L	3292800	3351600	1203	8.601994362148865e-09
3L	3351600	3410400	895	1.5415698134988216e-09
3L	3410400	3469200	1113	2.5826986573339816e-09
3L	3469200	3528000	1360	1.2878167941036687e-08
3L	3528000	3586800	1429	7.726264734524427e-09
3L	3586800	3645600	1152	9.938535507085892e-09
3L	3645600	3704400	973	9.136108663596032e-09
3L	3704400	3763200	1156	7.14213555268926e-09
3L	3763200	3822000	1589	2.522450787356264e-08
3L	3822000	3880800	1163	1.3269842137055185e-08
3L	3880800	3939600	1459	1.8712392402553055e-08
3L	3939600	3998400	1118	6.165147843402473e-09
3L	3998400	4057200	1307	3.0930530143633696e-09
3L	4057200	4116000	1200	7.020544192222291e-09
3L	4116000	4174800	1198	1.8822038364886494e-09
3L	4174800	4233600	1129	5.02092266061843e-10
3L	4233600	4292400	945	3.6347233503538425e-09
3L	4292400	4351200	1085	3.8788151866545345e-09
3L	4351200	4410000	1305	3.606558820939555e-09
3L	4410000	4468800	967	3.458538822558843e-09
3L	4468800	4527600	1152	0
3L	4527600	4586400	1104	5.728234442508193e-09
3L	4586400	4645200	1352	4.297179701436761e-09
3L	4645200	4704000	1357	8.874563165775248e-09
3L	4704000	4762800	1317	7.411520196662599e-09
3L	4762800	4821600	1159	6.712424014843047e-09
3L	4821600	4880400	853	7.634396709224672e-09
3L	4880400	4939200	928	1.7404393639442067e-09
3L	4939200	4998000	1122	4.205785408710254e-09
3L	4998000	5056800	931	4.144667139153082e-09
3L	5056800	5115600	878	4.7583786643181865e-09
3L	5115600	5174400	1094	1.9632459445549916e-09
3L	5174400	5233200	1112	1.1060640751079076e-09
3L	5233200	5292000	1184	6.5676919461076155e-09
3L	5292000	5350800	1133	2.7254117229596173e-09
3L	5350800	5409600	1483	1.2627184423729934e-08
3L	5409600	5468400	1430	1.042980408108688e-08
3L	5468400	5527200	1501	1.3860092620497535e-08
3L	5527200	5586000	1081	4.403534920000317e-09
3L	5586000	5644800	868	3.3424867493947816e-09
3L	5644800	5703600	867	6.430016236844182e-09
3L	5703600	5762400	831	5.684947692595014e-09
3L	5762400	5821200	1085	2.4694402816000256e-08
3L	5821200	5880000	1072	7.921077667827702e-09
3L	5880000	5938800	1463	7.837084882590844e-09
3L	5938800	5997600	1330	1.1951350203158903e-08
3L	5997600	6056400	1060	4.90181135228128e-09
3L	6056400	6115200	1208	2.946782442699581e-09
3L	6115200	6174000	983	5.329915583182545e-09
3L	6174000	6232800	519	3.381608036467474e-09
3L	6232800	6291600	975	7.997903268296312e-10
3L	6291600	6350400	1034	7.151287614830529e-09
3L	6350400	6409200	990	1.1827472519058666e-08
3L	6409200	6468000	701	7.78036499438934e-09
3L	6468000	6526800	1144	3.039262936540463e-09
3L	6526800	6585600	1306	3.4405584155346875e-09
3L	6585600	6644400	1001	1.0799252887844512e-08
3L	6644400	6703200	1049	1.2181074407273805e-08
3L	6703200	6762000	870	6.2214182496267414e-09
3L	6762000	6820800	1078	1.3185361238077678e-08
3L	6820800	6879600	1122	1.3844834483867508e-08
3L	6879600	6938400	946	2.6849459377266587e-09
3L	6938400	6997200	1060	6.654403053967158e-09
3L	6997200	7056000	1392	5.103684592827996e-09
3L	7056000	7114800	1365	1.0492670085458928e-08
3L	7114800	7173600	1120	5.403124184769822e-09
3L	7173600	7232400	1271	1.903552256521658e-09
3L	7232400	7291200	1207	9.23123867604301e-09
3L	7291200	7350000	1267	2.5989217420983255e-09
3L	7350000	7408800	778	6.336388633415221e-09
3L	7408800	7467600	1572	8.27367287432469e-09
3L	7467600	7526400	1268	6.147759602094879e-09
3L	7526400	7585200	1025	2.5199347310521214e-09
3L	7585200	7644000	1374	1.1998174156285669e-08
3L	7644000	7702800	610	1.2083090156073009e-08
3L	7702800	7761600	1429	1.0314030607793276e-08
3L	7761600	7820400	1026	7.425941969713903e-09
3L	7820400	7879200	1320	1.5261899591868886e-08
3L	7879200	7938000	1041	2.187976866927237e-08
3L	7938000	7996800	1250	4.6771989482186624e-09
3L	7996800	8055600	1183	7.522539989170599e-09
3L	8055600	8114400	1013	4.48116276973518e-09
3L	8114400	8173200	890	3.0016361629428984e-09
3L	8173200	8232000	1007	2.537962511333601e-09
3L	8232000	8290800	980	5.130038787051658e-09
3L	8290800	8349600	948	4.234854541752505e-09
3L	8349600	8408400	927	1.514362252652077e-08
3L	8408400	8467200	937	2.922734874933758e-09
3L	8467200	8526000	709	0
3L	8526000	8584800	1326	1.2832738679164258e-08
3L	8584800	8643600	1278	7.50517938226311e-09
3L	8643600	8702400	1261	1.6542705429852068e-08
3L	8702400	8761200	1243	4.1770366091222934e-09
3L	8761200	8820000	1312	3.1430566154043863e-09
3L	8820000	8878800	1374	1.1844821846619172e-08
3L	8878800	8937600	1359	8.06399770947046e-09
3L	8937600	8996400	746	4.670266661563468e-09
3L	8996400	9055200	1224	4.774907419385745e-09
3L	9055200	9114000	1068	8.395841737357141e-09
3L	9114000	9172800	667	7.225334271898578e-09
3L	9172800	9231600	1204	7.925553876677546e-09
3L	9231600	9290400	1250	2.4468612848112707e-08
3L	9290400	9349200	1508	1.8472003998842096e-08
3L	9349200	9408000	1216	7.103424833846714e-09
3L	9408000	9466800	743	3.898041961520211e-09
3L	9466800	9525600	1174	5.528555034949494e-09
3L	9525600	9584400	1165	1.3097354697217242e-08
3L	9584400	9643200	1211	4.089814546844463e-09
3L	9643200	9702000	1184	1.0654255754455001e-08
3L	9702000	9760800	1129	3.195382633989016e-09
3L	9760800	9819600	1183	3.874826809561666e-09
3L	9819600	9878400	1054	7.0487752697837725e-09
3L	9878400	9937200	985	6.042294324008209e-09
3L	9937200	9996000	1281	6.216750855845551e-09
3L	9996000	10054800	1341	9.616061796704583e-09
3L	10054800	10113600	1039	6.102301577887645e-09
3L	10113600	10172400	1231	8.0799405024623e-09
3L	10172400	10231200	1374	6.8466448601258654e-09
3L	10231200	10290000	1433	1.803171130559198e-08
3L	10290000	10348800	1285	1.2969594379902093e-08
3L	10348800	10407600	1182	7.721258960333773e-09
3L	10407600	10466400	1398	8.467013288879453e-09
3L	10466400	10525200	1223	4.401077150292919e-09
3L	10525200	10584000	1109	1.419001507063398e-08
3L	10584000	10642800	1284	1.908042959903588e-08
3L	10642800	10701600	1331	1.0628338070959548e-08
3L	10701600	10760400	1499	1.8747763024770526e-08
3L	10760400	10819200	1276	6.843430246235969e-09
3L	10819200	10878000	1165	7.891616577477823e-09
3L	10878000	10936800	1646	1.0180857049877745e-08
3L	10936800	10995600	1396	1.7672347926938385e-08
3L	10995600	11054400	1276	1.5899283893248375e-08
3L	11054400	11113200	1208	3.9779098895657175e-09
3L	11113200	11172000	1373	1.3554531162981178e-08
3L	11172000	11230800	1310	1.0844825961390964e-08
3L	11230800	11289600	1072	8.46063369022638e-09
3L	11289600	11348400	1340	3.0622220473225157e-09
3L	11348400	11407200	1338	6.6666073074017825e-09
3L	11407200	11466000	1598	1.1099257575070141e-08
3L	11466000	11524800	964	3.1945254036183766e-09
3L	11524800	11583600	1387	1.0397053933157021e-08
3L	11583600	11642400	1146	9.739887595808706e-09
3L	11642400	11701200	1493	1.1106135720859821e-08
3L	11701200	11760000	1217	8.676320747022067e-09
3L	11760000	11818800	977	2.0136815445854222e-09
3L	11818800	11877600	1393	2.77951198282453e-09
3L	11877600	11936400	1387	5.869286060323368e-09
3L	11936400	11995200	714	4.616668332639258e-09
3L	11995200	12054000	1280	1.2687975592224626e-08
3L	12054000	12112800	1591	1.194554472326722e-08
3L	12112800	12171600	1080	2.740898266366031e-09
3L	12171600	12230400	1185	4.572365313562991e-09
3L	12230400	12289200	1077	1.45498967352814e-08
3L	12289200	12348000	1389	1.266913908276453e-08
3L	12348000	12406800	1292	1.4039300718242922e-08
3L	12406800	12465600	1276	7.917980923113768e-09
3L	12465600	12524400	1176	1.0102174581200057e-08
3L	12524400	12583200	1188	6.523679934183487e-09
3L	12583200	12642000	1229	5.2852978703254775e-09
3L	12642000	12700800	1151	1.7590644426163383e-08
3L	12700800	12759600	1173	7.185785497575262e-09
3L	12759600	12818400	1096	4.4188770877653604e-09
3L	12818400	12877200	1562	5.957797351961252e-09
3L	12877200	12936000	1072	6.192687496993952e-09
3L	12936000	12994800	1005	1.2293429392480812e-08
3L	12994800	13053600	918	3.6108449727927494e-09
3L	13053600	13112400	1052	6.219275173700144e-09
3L	13112400	13171200	1103	7.677890999122323e-09
3L	13171200	13230000	1233	8.56495862633316e-09
3L	13230000	13288800	1194	9.685353081084982e-09
3L	13288800	13347600	1301	4.155073464678761e-09
3L	13347600	13406400	1315	3.5432455904596673e-09
3L	13406400	13465200	872	3.901786704718267e-09
3L	13465200	13524000	710	1.194862990093835e-09
3L	13524000	13582800	492	6.296166482077075e-09
3L	13582800	13641600	679	9.971204443717477e-09
3L	13641600	13700400	761	6.355863553914503e-09
3L	13700400	13759200	848	2.365898328991162e-09
3L	13759200	13818000	677	3.0894007618105674e-09
3L	13818000	13876800	947	1.5076325142990987e-09
3L	13876800	13935600	1139	4.0198183032776856e-09
3L	13935600	13994400	1153	9.756742887971396e-09
3L	13994400	14053200	531	3.8722889564906945e-09
3L	14053200	14112000	1415	8.367060227662934e-09
3L	14112000	14170800	1351	1.093347993676817e-08
3L	14170800	14229600	1355	6.832994594408136e-09
3L	14229600	14288400	1105	5.3643390222371955e-09
3L	14288400	14347200	1057	5.400405862147137e-09
3L	14347200	14406000	1219	8.835168918505589e-09
3L	14406000	14464800	875	6.722442330832543e-09
3L	14464800	14523600	1056	5.801118198902387e-09
3L	14523600	14582400	1066	4.590467537534553e-09
3L	14582400	14641200	983	9.70519034489393e-10
3L	14641200	14700000	1119	2.699411700231194e-09
3L	14700000	14758800	689	8.202603964859915e-09
3L	14758800	14817600	672	6.683656040365218e-09
3L	14817600	14876400	779	4.966126188773177e-09
3L	14876400	14935200	837	2.4673256008582407e-09
3L	14935200	14994000	1017	3.617476100883523e-09
3L	14994000	15052800	1129	8.88130821527054e-09
3L	15052800	15111600	899	8.974519610795863e-09
3L	15111600	15170400	786	5.083350186088679e-09
3L	15170400	15229200	947	7.395217028534681e-09
3L	15229200	15288000	1091	4.0233227963850216e-09
3L	15288000	15346800	942	5.773039392525163e-09
3L	15346800	15405600	867	1.5145422422603302e-09
3L	15405600	15464400	822	7.112219340688652e-09
3L	15464400	15523200	1058	8.26853964351314e-09
3L	15523200	15582000	519	1.989508776068097e-09
3L	15582000	15640800	899	8.914843969717701e-09
3L	15640800	15699600	1263	3.095933759582596e-09
3L	15699600	15758400	1139	1.1372759180691945e-08
3L	15758400	15817200	954	8.165954546678348e-09
3L	15817200	15876000	700	2.648085031789177e-09
3L	15876000	15934800	866	5.072384404952687e-09
3L	15934800	15993600	637	3.539498591392216e-09
3L	15993600	16052400	845	4.5491377543227664e-09
3L	16052400	16111200	790	4.983624967681196e-09
3L	16111200	16170000	577	1.6438069424792162e-09
3L	16170000	16228800	1002	5.4144102993601045e-09
3L	16228800	16287600	1126	9.212816118617156e-09
3L	16287600	16346400	1199	4.6273306993414304e-09
3L	16346400	16405200	711	5.658587858697862e-09
3L	16405200	16464000	971	4.927295908852623e-09
3L	16464000	16522800	1095	6.349948664357093e-09
3L	16522800	16581600	766	1.1946495572217811e-08
3L	16581600	16640400	340	1.7765231228746228e-09
3L	16640400	16699200	878	5.1562824436748955e-09
3L	16699200	16758000	1217	9.377997643431124e-09
3L	16758000	16816800	1021	2.3768050915152833e-08
3L	16816800	16875600	825	8.599745260360636e-09
3L	16875600	16934400	1202	1.0724343924699685e-08
3L	16934400	16993200	785	6.420352092349925e-09
3L	16993200	17052000	615	1.0931027242766914e-08
3L	17052000	17110800	522	1.1303665284883735e-08
3L	17110800	17169600	796	8.329130603598899e-09
3L	17169600	17228400	976	1.0391025122195094e-08
3L	17228400	17287200	699	4.636526750935931e-09
3L	17287200	17346000	710	3.914154508684132e-09
3L	17346000	17404800	618	2.296085938780193e-09
3L	17404800	17463600	651	4.748232891707793e-09
3L	17463600	17522400	706	6.49125632334876e-09
3L	17522400	17581200	525	9.312399217252664e-09
3L	17581200	17640000	834	1.6740004930445507e-08
3L	17640000	17698800	863	3.00122559471275e-09
3L	17698800	17757600	840	9.370185567711324e-09
3L	17757600	17816400	876	1.2583732995350816e-08
3L	17816400	17875200	566	6.051587377986756e-09
3L	17875200	17934000	866	0
3L	17934000	17992800	824	7.156215837798548e-10
3L	17992800	18051600	1092	2.6963042401376265e-09
3L	18051600	18110400	1069	6.618532474694703e-09
3L	18110400	18169200	1474	5.337663366624544e-09
3L	18169200	18228000	1338	8.930005667931031e-09
3L	18228000	18286800	1444	5.1425408152466106e-09
3L	18286800	18345600	1366	2.073517945127661e-08
3L	18345600	18404400	1431	2.6449891617958482e-08
3L	18404400	18463200	996	4.5272795078061675e-09
3L	18463200	18522000	766	1.7155142629831772e-09
3L	18522000	18580800	818	2.087789110127173e-09
3L	18580800	18639600	971	5.119122635042389e-09
3L	18639600	18698400	903	7.353833104457379e-09
3L	18698400	18757200	873	1.368224579894105e-08
3L	18757200	18816000	545	4.985037141923355e-09
3L	18816000	18874800	1136	7.975875555303458e-09
3L	18874800	18933600	824	1.5858140712733224e-08
3L	18933600	18992400	1017	1.58227850356505e-08
3L	18992400	19051200	814	1.2865919134181482e-08
3L	19051200	19110000	751	1.2241424271317821e-08
3L	19110000	19168800	667	7.183605199803624e-09
3L	19168800	19227600	904	5.093248941000163e-09
3L	19227600	19286400	783	2.0143704030752004e-08
3L	19286400	19345200	739	3.903404163075498e-09
3L	19345200	19404000	754	9.525078636175576e-09
3L	19404000	19462800	725	2.0124291146661123e-08
3L	19462800	19521600	760	1.5786257152432667e-08
3L	19521600	19580400	474	1.1549107259018183e-08
3L	19580400	19639200	359	8.0765065052736e-09
3L	19639200	19698000	637	6.746308301111954e-09
3L	19698000	19756800	97	1.3534925966024252e-08
3L	19756800	19815600	250	8.355333090605652e-09
3L	19815600	19874400	194	8.248745517494264e-09
3L	19874400	19933200	238	7.582810615802066e-09
3L	19933200	19992000	566	1.9704259544394943e-08
3L	19992000	20050800	385	7.800958826109246e-09
3L	20050800	20109600	621	1.9002835023374614e-08
3L	20109600	20168400	379	1.1237231059093901e-08
3L	20168400	20227200	377	1.4391080709936779e-08
3L	20227200	20286000	365	8.959831645155781e-09
3L	20286000	20344800	380	3.5582471219458516e-09
3L	20344800	20403600	402	9.862472666744794e-09
3L	20403600	20462400	454	6.581152718796047e-09
3L	20462400	20521200	421	1.1809738565766069e-08
3L	20521200	20580000	501	8.81579212832505e-09
3L	20580000	20638800	423	3.524201541015101e-09
3L	20638800	20697600	467	9.70037406373258e-10
3L	20697600	20756400	410	7.737194421750075e-09
3L	20756400	20815200	334	1.61428285402286e-08
3L	20815200	20874000	502	8.056649214911626e-09
3L	20874000	20932800	642	1.7430376184894817e-08
3L	20932800	20991600	511	6.536152636076285e-09
3L	20991600	21050400	375	1.1007019587189373e-08
3L	21050400	21109200	493	5.203590280787192e-09
3L	21109200	21168000	488	3.5007630579863105e-09
3L	21168000	21226800	391	4.566427865311617e-09
3L	21226800	21285600	422	4.227816229235679e-09
3L	21285600	21344400	373	2.766053466005496e-09
3L	21344400	21403200	414	5.005837385693034e-09
3L	21403200	21462000	451	3.9697740965875335e-09
3L	21462000	21520800	340	3.822662085638881e-09
3L	21520800	21579600	260	2.3044845405430592e-09
3L	21579600	21638400	407	1.1768127362847078e-08
3L	21638400	21697200	405	6.296759775728333e-09
3L	21697200	21756000	361	2.0460081530361026e-09
3L	21756000	21814800	486	2.4772988846261246e-08
3L	21814800	21873600	424	1.1468215166266704e-08
3L	21873600	21932400	460	2.8606826754464684e-09
3L	21932400	21991200	327	9.056196746097297e-09
3L	21991200	22050000	472	0
3L	22050000	22108800	263	1.5301201483772988e-09
3L	22108800	22167600	647	1.1987876112491016e-08
3L	22167600	22226400	475	1.1765203756109319e-08
3L	22226400	22285200	368	2.871117199339603e-09
3L	22285200	22344000	291	5.396073464971316e-09
3L	22344000	22402800	572	3.0363111314352503e-09
3L	22402800	22461600	520	8.476856774990726e-09
3L	22461600	22520400	547	1.0096719888999516e-08
3L	22520400	22579200	383	1.1010326691724522e-08
3L	22579200	22638000	419	4.056314886307646e-09
3L	22638000	22696800	350	1.5389617893616528e-08
3L	22696800	22755600	230	3.3079742034989713e-09
3L	22755600	22814400	193	4.999323562810874e-09
3L	22814400	22873200	321	8.704059481087781e-09
3L	22873200	22932000	376	5.6083270885456526e-09
3L	22932000	22990800	369	5.280887645655478e-09
3L	22990800	23049600	259	8.571661090581445e-10
3L	23049600	23108400	178	2.5229158624594883e-09
3L	23108400	23167200	93	5.081344718195262e-09
3L	23167200	23226000	133	4.744154279839068e-09
3L	23226000	23284800	161	1.8221164992456415e-09
3L	23284800	23343600	123	1.98022925730593e-09
3L	23402400	23461200	107	3.069149822238917e-09
3L	23520000	23578800	69	3.384213565620338e-09
3L	23578800	23637600	83	2.472517484274099e-09
3L	23637600	23696400	61	4.161592927234411e-09
3L	23696400	23755200	100	6.806518583237067e-09
3L	23755200	23814000	87	4.448020664497694e-09
3L	23814000	23872800	114	4.592163951320659e-09
3L	23872800	23931600	77	6.528023610706291e-09
3L	23931600	23990400	57	1.210778487637193e-08
3L	23990400	24049200	100	2.731286006867892e-09
3L	24049200	24108000	84	2.9076239337818473e-09
3L	24108000	24166800	115	2.350414041454144e-09
3L	24225600	24284400	69	6.4523301689788574e-09
3L	24284400	24343200	88	4.4720276266143815e-09
3L	24343200	24402000	54	9.748571565050219e-09
3L	24460800	24519600	73	2.4752042247252338e-09
3L	24519600	24578400	84	4.120139071205821e-09
3L	24696000	24754800	86	6.394305824298875e-09
3L	24754800	24813600	50	1.0514812571519475e-08
3L	24872400	24931200	54	7.380965573622806e-09
3L	25107600	25166400	56	7.2750400981792665e-09
3L	25401600	25460400	98	5.3767395363093085e-09
3L	25460400	25519200	100	3.1131573224242526e-09
3L	25930800	25989600	50	6.464710380226404e-09
3L	26283600	26342400	56	8.312923309920328e-09
3L	26460000	26518800	61	6.501096425655939e-09
3L	26695200	26754000	52	8.393026412350412e-09
3L	27165600	27224400	145	5.192600813022538e-09
3L	27400800	27459600	53	5.072731808839736e-09
3L	27577200	27636000	60	8.640947586951525e-09
3R	213200	266500	57	4.201280437525605e-09
3R	746200	799500	261	1.4451110939773556e-09
3R	1172600	1225900	57	7.607283414949115e-09
3R	1279200	1332500	55	3.626360842501317e-09
3R	1439100	1492400	64	9.482224449219158e-09
3R	1812200	1865500	54	7.906118433892701e-09
3R	2451800	2505100	59	4.6206082085401035e-09
3R	2505100	2558400	63	7.227336355987899e-09
3R	2718300	2771600	79	6.241547372250986e-09
3R	2824900	2878200	89	3.036672070538676e-09
3R	2878200	2931500	52	4.397802755864017e-09
3R	2984800	3038100	74	3.199135272729959e-09
3R	3624400	3677700	54	6.05460234743507e-09
3R	3837600	3890900	111	3.624531332420822e-09
3R	4050800	4104100	52	6.239609580439461e-09
3R	4157400	4210700	62	7.341839774811319e-09
3R	4210700	4264000	110	2.5826467723378633e-09
3R	4264000	4317300	71	5.51553190092397e-09
3R	4317300	4370600	70	7.992418973522093e-09
3R	4370600	4423900	79	4.279830937843602e-09
3R	4423900	4477200	117	1.8536061801502492e-09
3R	4477200	4530500	114	3.732163373062752e-09
3R	4530500	4583800	208	1.483912047595756e-09
3R	4583800	4637100	153	5.990423991041656e-09
3R	4637100	4690400	293	3.1134979587031116e-09
3R	4690400	4743700	180	3.91639797079887e-09
3R	4743700	4797000	161	5.750975861893492e-09
3R	4797000	4850300	263	2.6883906502949894e-09
3R	4850300	4903600	204	1.0115545119112632e-08
3R	4903600	4956900	198	1.2161466390480134e-08
3R	4956900	5010200	388	2.04901703220826e-08
3R	5010200	5063500	427	2.1583011306042886e-08
3R	5063500	5116800	334	9.295615548943308e-09
3R	5116800	5170100	408	3.007854466934126e-09
3R	5170100	5223400	414	5.541019841299407e-09
3R	5223400	5276700	302	5.816431040365278e-09
3R	5276700	5330000	323	5.5412510679125395e-09
3R	5330000	5383300	210	1.5991502071776006e-08
3R	5383300	5436600	341	6.268429439913408e-09
3R	5436600	5489900	293	4.847900585445666e-09
3R	5489900	5543200	257	7.91497750928397e-10
3R	5543200	5596500	130	2.9451108434768345e-09
3R	5596500	5649800	206	1.1199750353039753e-08
3R	5649800	5703100	210	9.21491633302522e-09
3R	5703100	5756400	220	1.4536244072702438e-08
3R	5756400	5809700	279	3.909535616094965e-09
3R	5809700	5863000	265	7.020909643064511e-09
3R	5863000	5916300	420	1.6857360649384985e-08
3R	5916300	5969600	532	2.5507129959154162e-08
3R	5969600	6022900	370	9.164866486661579e-09
3R	6022900	6076200	504	1.6314217019190894e-08
3R	6076200	6129500	488	1.893392864670998e-08
3R	6129500	6182800	279	1.3613997572172822e-08
3R	6182800	6236100	442	1.276196105312315e-09
3R	6236100	6289400	358	2.8495589834527274e-09
3R	6289400	6342700	358	4.4939772358415355e-09
3R	6342700	6396000	244	1.1438812164553783e-08
3R	6396000	6449300	374	1.0059805406163872e-08
3R	6449300	6502600	387	1.568026326070009e-08
3R	6502600	6555900	438	3.7373191625682656e-09
3R	6555900	6609200	462	1.171743712584638e-09
3R	6609200	6662500	448	6.830493963182205e-09
3R	6662500	6715800	470	6.07414832782034e-09
3R	6715800	6769100	485	3.3412685799207146e-09
3R	6769100	6822400	508	1.405231834787464e-09
3R	6822400	6875700	557	1.4277713967305478e-08
3R	6875700	6929000	467	8.053417682001256e-09
3R	6929000	6982300	461	1.6576298356489246e-08
3R	6982300	7035600	533	1.1301307901364478e-08
3R	7035600	7088900	403	1.4162968606489292e-08
3R	7088900	7142200	311	5.449974080394646e-09
3R	7142200	7195500	377	1.0951342474616363e-08
3R	7195500	7248800	384	2.1996782870734006e-08
3R	7248800	7302100	420	8.399268402970302e-09
3R	7302100	7355400	438	1.6095574280014468e-08
3R	7355400	7408700	449	4.819934572538264e-09
3R	7408700	7462000	535	1.3238721854764241e-08
3R	7462000	7515300	474	1.9719394172175516e-08
3R	7515300	7568600	495	3.2205132953366583e-10
3R	7568600	7621900	670	1.1186800247073808e-09
3R	7621900	7675200	625	8.647114005946634e-09
3R	7675200	7728500	435	2.0743286763903666e-08
3R	7728500	7781800	500	1.653506011222781e-08
3R	7781800	7835100	473	6.896694706489509e-09
3R	7835100	7888400	336	5.610043805156327e-09
3R	7888400	7941700	362	1.4890708689969872e-08
3R	7941700	7995000	518	2.486739472463197e-08
3R	7995000	8048300	484	6.732724583541418e-09
3R	8048300	8101600	478	1.577571667317382e-08
3R	8101600	8154900	376	1.3651532419092484e-08
3R	8154900	8208200	501	1.538604064872116e-08
3R	8208200	8261500	459	1.7947537486836062e-08
3R	8261500	8314800	390	1.1905695354346833e-08
3R	8314800	8368100	372	1.910632302622318e-09
3R	8368100	8421400	382	4.259261920687057e-09
3R	8421400	8474700	521	1.9222017267816377e-08
3R	8474700	8528000	503	9.470737562252594e-09
3R	8528000	8581300	530	8.319661027840083e-09
3R	8581300	8634600	423	1.4942879617533498e-08
3R	8634600	8687900	364	1.2716957874295115e-08
3R	8687900	8741200	327	7.673349934027331e-09
3R	8741200	8794500	477	6.972839322096225e-09
3R	8794500	8847800	384	7.29905608377354e-09
3R	8847800	8901100	539	1.2130753292615243e-08
3R	8901100	8954400	305	9.457224904568046e-09
3R	8954400	9007700	467	5.065855918919451e-09
3R	9007700	9061000	404	6.518555726849521e-09
3R	9061000	9114300	576	2.5806855482541982e-08
3R	9114300	9167600	552	4.16602796646777e-09
3R	9167600	9220900	566	8.384203707141017e-09
3R	9220900	9274200	390	1.1178452690068164e-08
3R	9274200	9327500	619	2.1464233578680602e-08
3R	9327500	9380800	472	5.162486084515046e-09
3R	9380800	9434100	433	1.3290273264194875e-08
3R	9434100	9487400	348	1.8242523569613845e-08
3R	9487400	9540700	361	3.631626041672559e-09
3R	9540700	9594000	357	7.775336097537374e-09
3R	9594000	9647300	509	1.0347408451382687e-08
3R	9647300	9700600	334	3.7292352545862e-09
3R	9700600	9753900	290	3.4471884156907624e-09
3R	9753900	9807200	197	1.5084874888003427e-09
3R	9807200	9860500	373	1.0794296742780581e-08
3R	9860500	9913800	593	2.3069304393089724e-08
3R	9913800	9967100	549	1.4998017013353413e-08
3R	9967100	10020400	323	1.0190374562861236e-08
3R	10020400	10073700	431	1.3298006102502123e-08
3R	10073700	10127000	412	5.455162580006408e-09
3R	10127000	10180300	570	6.792823200131409e-09
3R	10180300	10233600	480	3.3818257278642282e-09
3R	10233600	10286900	398	2.457881403630135e-09
3R	10286900	10340200	319	3.2172769744159577e-09
3R	10340200	10393500	442	1.2117898220859752e-08
3R	10393500	10446800	619	1.269994692714407e-08
3R	10446800	10500100	663	4.755231726510182e-09
3R	10500100	10553400	509	1.6499970574861928e-08
3R	10553400	10606700	446	9.935824516038747e-09
3R	10606700	10660000	570	1.1301011254538847e-08
3R	10660000	10713300	706	7.692968102233286e-09
3R	10713300	10766600	764	4.085934451482623e-09
3R	10766600	10819900	410	5.296820851202384e-09
3R	10819900	10873200	471	1.421930274102401e-08
3R	10873200	10926500	527	1.6541776575628094e-08
3R	10926500	10979800	484	1.0103845616455454e-08
3R	10979800	11033100	689	5.480588483973444e-09
3R	11033100	11086400	609	1.0111461995505113e-08
3R	11086400	11139700	723	6.690787971461995e-09
3R	11139700	11193000	784	1.49723797626223e-08
3R	11193000	11246300	518	1.1190919188320124e-08
3R	11246300	11299600	569	2.41896041013269e-08
3R	11299600	11352900	590	1.2809481793621879e-08
3R	11352900	11406200	362	2.4256506696288024e-09
3R	11406200	11459500	471	1.682570674252577e-09
3R	11459500	11512800	582	7.527741460031392e-09
3R	11512800	11566100	535	1.5339180319700377e-08
3R	11566100	11619400	538	6.913674635436352e-09
3R	11619400	11672700	540	8.721350156043981e-09
3R	11672700	11726000	599	1.2829982570729183e-08
3R	11726000	11779300	301	5.52810386107021e-09
3R	11779300	11832600	432	7.634576050841686e-09
3R	11832600	11885900	580	1.0275965631565455e-08
3R	11885900	11939200	756	7.442865501925836e-09
3R	11939200	11992500	471	6.89826817539351e-09
3R	11992500	12045800	634	1.1191194404386486e-08
3R	12045800	12099100	688	8.185324005283349e-09
3R	12099100	12152400	713	4.759312594248304e-09
3R	12152400	12205700	644	7.535848490674771e-09
3R	12205700	12259000	647	8.903187892546405e-09
3R	12259000	12312300	711	7.570561808946863e-09
3R	12312300	12365600	676	6.498845067998314e-09
3R	12365600	12418900	523	1.245427174679862e-09
3R	12418900	12472200	233	7.586914042234152e-09
3R	12472200	12525500	171	5.5456195589987035e-09
3R	12525500	12578800	745	6.6611650224829234e-09
3R	12578800	12632100	676	1.3820704012901366e-08
3R	12632100	12685400	587	4.132423408004019e-09
3R	12685400	12738700	557	9.576963632293204e-09
3R	12738700	12792000	742	6.577559118847551e-09
3R	12792000	12845300	743	6.816072190130901e-09
3R	12845300	12898600	788	1.5066274968558414e-08
3R	12898600	12951900	737	1.1468961859036919e-08
3R	12951900	13005200	643	6.94335736495443e-09
3R	13005200	13058500	530	2.6711494640448876e-08
3R	13058500	13111800	849	2.7252436330624307e-08
3R	13111800	13165100	764	7.953841914941288e-09
3R	13165100	13218400	838	6.086402210381686e-09
3R	13218400	13271700	724	1.160760872007551e-08
3R	13271700	13325000	843	1.4770403175058862e-08
3R	13325000	13378300	1106	1.2326671883906438e-08
3R	13378300	13431600	912	7.725763931518422e-09
3R	13431600	13484900	868	7.064617112620124e-09
3R	13484900	13538200	770	1.893376678808079e-08
3R	13538200	13591500	824	1.990874169789862e-08
3R	13591500	13644800	713	1.511057897457754e-08
3R	13644800	13698100	551	4.688602368017558e-09
3R	13698100	13751400	1023	1.1392289369991439e-08
3R	13751400	13804700	862	1.2218368158151724e-08
3R	13804700	13858000	1007	2.5105325781611047e-08
3R	13858000	13911300	954	1.4303140153256188e-08
3R	13911300	13964600	1154	8.830842161003257e-09
3R	13964600	14017900	869	7.634553492147722e-09
3R	14017900	14071200	943	1.2292911388470659e-08
3R	14071200	14124500	991	5.554716352339762e-09
3R	14124500	14177800	1180	1.1756304915307797e-08
3R	14177800	14231100	903	3.5285373219950165e-09
3R	14231100	14284400	722	1.571000393786329e-08
3R	14284400	14337700	1057	7.199303794933302e-09
3R	14337700	14391000	932	6.2116728938342135e-09
3R	14391000	14444300	1039	1.1595410106314375e-08
3R	14444300	14497600	991	2.1844421451699886e-08
3R	14497600	14550900	863	1.948054920039507e-09
3R	14550900	14604200	1091	6.74890593472193e-09
3R	14604200	14657500	768	3.795165293565933e-09
3R	14657500	14710800	1014	4.641532525126585e-09
3R	14710800	14764100	968	7.774482814938178e-09
3R	14764100	14817400	907	9.93303851733417e-09
3R	14817400	14870700	863	9.783356219479819e-10
3R	14870700	14924000	702	5.2638671110595e-09
3R	14924000	14977300	772	6.742043580018024e-09
3R	14977300	15030600	981	4.788898321382334e-09
3R	15030600	15083900	954	9.494883824304511e-09
3R	15083900	15137200	756	1.3116611080368747e-08
3R	15137200	15190500	998	2.7837394820734195e-09
3R	15190500	15243800	615	4.523328352558339e-09
3R	15243800	15297100	526	1.5004001970141811e-09
3R	15297100	15350400	456	5.023454597744365e-09
3R	15350400	15403700	587	3.832631900436353e-09
3R	15403700	15457000	627	1.3226809172449102e-08
3R	15457000	15510300	848	1.0015154983200554e-08
3R	15510300	15563600	736	5.114902179673236e-10
3R	15563600	15616900	843	6.2056632577621525e-09
3R	15616900	15670200	936	3.23275900608358e-09
3R	15670200	15723500	862	5.471783825719222e-09
3R	15723500	15776800	772	6.89792866704935e-09
3R	15776800	15830100	738	3.492105031242856e-09
3R	15830100	15883400	611	4.976012536402981e-09
3R	15883400	15936700	451	3.6371642010407677e-09
3R	15936700	15990000	630	6.258694235533165e-09
3R	15990000	16043300	711	5.203328599937206e-09
3R	16043300	16096600	529	4.63091527581234e-09
3R	16096600	16149900	636	9.810777163656464e-09
3R	16149900	16203200	830	6.479424288364544e-09
3R	16203200	16256500	718	1.992932057877164e-09
3R	16256500	16309800	529	2.967593965816242e-09
3R	16309800	16363100	678	2.769626763129423e-09
3R	16363100	16416400	734	4.110427553454238e-09
3R	16416400	16469700	699	9.003098092244392e-09
3R	16469700	16523000	793	3.161385554250288e-09
3R	16523000	16576300	741	5.730523022010861e-09
3R	16576300	16629600	472	2.3437321563019508e-09
3R	16629600	16682900	458	4.691591394967814e-09
3R	16682900	16736200	832	3.4469244789713815e-09
3R	16736200	16789500	862	2.957299305825685e-09
3R	16789500	16842800	881	2.7769290123656317e-09
3R	16842800	16896100	1027	3.6335435306595153e-09
3R	16896100	16949400	865	5.648427422936391e-09
3R	16949400	17002700	723	2.465771306844109e-09
3R	17002700	17056000	778	2.073049259490974e-09
3R	17056000	17109300	753	9.320735782607128e-09
3R	17109300	17162600	1076	3.2687965196913677e-09
3R	17162600	17215900	1047	1.4246609476100308e-08
3R	17215900	17269200	921	4.478822305236395e-09
3R	17269200	17322500	904	7.767888908692445e-09
3R	17322500	17375800	970	3.1976317357772456e-09
3R	17375800	17429100	865	1.899612380620812e-09
3R	17429100	17482400	1092	7.1350611462620894e-09
3R	17482400	17535700	960	1.1987238829386528e-08
3R	17535700	17589000	841	1.45098037324662e-08
3R	17589000	17642300	1352	1.3754521028853426e-09
3R	17642300	17695600	970	1.5172249368169486e-08
3R	17695600	17748900	831	3.7202952441681933e-09
3R	17748900	17802200	779	5.111709848205757e-09
3R	17802200	17855500	1066	1.0127732453526782e-08
3R	17855500	17908800	894	8.157121126089322e-09
3R	17908800	17962100	1050	4.557477703481326e-09
3R	17962100	18015400	1014	2.2773194464377016e-08
3R	18015400	18068700	1122	2.1845567997320614e-08
3R	18068700	18122000	1340	2.334821106178535e-08
3R	18122000	18175300	996	1.2087238135925674e-08
3R	18175300	18228600	923	2.259981736604586e-08
3R	18228600	18281900	1088	9.028698826089651e-09
3R	18281900	18335200	1061	1.0331242327320602e-08
3R	18335200	18388500	1121	2.5878465512966086e-09
3R	18388500	18441800	621	6.398454368118889e-09
3R	18441800	18495100	1032	1.0731529996661976e-08
3R	18495100	18548400	1211	1.3481378394161461e-08
3R	18548400	18601700	1042	5.403072299773704e-09
3R	18601700	18655000	964	4.497004612571529e-09
3R	18655000	18708300	914	5.744277057720826e-09
3R	18708300	18761600	711	6.04017719057967e-09
3R	18761600	18814900	1078	1.7876780169331665e-08
3R	18814900	18868200	1239	1.218574518485909e-08
3R	18868200	18921500	1090	1.5063901088994195e-08
3R	18921500	18974800	1072	1.0077687118901931e-08
3R	18974800	19028100	1032	1.3203333185591597e-08
3R	19028100	19081400	857	7.24474602805476e-09
3R	19081400	19134700	1013	5.201961543082978e-09
3R	19134700	19188000	1004	9.824412766223117e-09
3R	19188000	19241300	903	5.3782870627152516e-09
3R	19241300	19294600	1189	6.6370306037453365e-09
3R	19294600	19347900	1003	2.2338776619002523e-08
3R	19347900	19401200	1048	8.812278611740129e-09
3R	19401200	19454500	895	6.219913584739331e-09
3R	19454500	19507800	1153	4.370301452052276e-09
3R	19507800	19561100	1103	1.0226344400387133e-08
3R	19561100	19614400	1194	6.7977590423707734e-09
3R	19614400	19667700	995	5.843825190380688e-09
3R	19667700	19721000	534	2.7232754146412084e-09
3R	19721000	19774300	719	1.0149526407765584e-08
3R	19774300	19827600	994	4.344528144198193e-09
3R	19827600	19880900	746	3.834433212149393e-09
3R	19880900	19934200	769	2.375332374806985e-09
3R	19934200	19987500	1005	6.044629148833502e-09
3R	19987500	20040800	802	4.476949933637367e-09
3R	20040800	20094100	898	4.922150270759391e-09
3R	20094100	20147400	780	4.759184009692708e-09
3R	20147400	20200700	851	5.693301176969952e-09
3R	20200700	20254000	987	6.408091442180389e-09
3R	20254000	20307300	490	6.3409342102490036e-09
3R	20307300	20360600	864	2.8610706849826528e-09
3R	20360600	20413900	721	4.160628543067442e-09
3R	20413900	20467200	846	4.234198083758147e-09
3R	20467200	20520500	988	6.014189575132927e-09
3R	20520500	20573800	756	4.522617753698468e-09
3R	20573800	20627100	754	3.422405434501706e-09
3R	20627100	20680400	749	3.799565366823648e-09
3R	20680400	20733700	984	5.604151474292881e-09
3R	20733700	20787000	691	9.384669377171031e-09
3R	20787000	20840300	636	1.3944783033345236e-08
3R	20840300	20893600	1071	2.138562780956239e-08
3R	20893600	20946900	1130	6.0741054663018075e-09
3R	20946900	21000200	922	8.781447644699273e-09
3R	21000200	21053500	962	5.29757882331958e-09
3R	21053500	21106800	1080	1.0614870530662928e-08
3R	21106800	21160100	912	7.285155416552809e-09
3R	21160100	21213400	1245	1.1639168896898756e-08
3R	21213400	21266700	1065	1.6396263870337624e-08
3R	21266700	21320000	713	0
3R	21320000	21373300	858	5.299984708030861e-09
3R	21373300	21426600	1163	8.225648798679031e-09
3R	21426600	21479900	1016	8.617678294127466e-09
3R	21479900	21533200	1155	5.596940587767229e-09
3R	21533200	21586500	958	6.33960099143572e-09
3R	21586500	21639800	559	3.3322465065412786e-10
3R	21639800	21693100	1009	1.2562113583294426e-09
3R	21693100	21746400	1002	7.649743388728508e-09
3R	21746400	21799700	743	4.832016157362309e-10
3R	21799700	21853000	991	7.863710345109425e-09
3R	21853000	21906300	1241	9.912696779019312e-09
3R	21906300	21959600	1050	7.775768660494137e-09
3R	21959600	22012900	758	6.599446691666303e-09
3R	22012900	22066200	953	1.5739053473040157e-08
3R	22066200	22119500	1124	6.809670032783864e-09
3R	22119500	22172800	860	1.3594221493109118e-08
3R	22172800	22226100	658	1.1108239319071982e-08
3R	22226100	22279400	709	8.297314949566508e-09
3R	22279400	22332700	886	7.340918252162883e-09
3R	22332700	22386000	1036	1.0716680736360049e-08
3R	22386000	22439300	786	6.2763452856254426e-09
3R	22439300	22492600	573	1.8141584834462926e-08
3R	22492600	22545900	999	1.9571043401232417e-09
3R	22545900	22599200	1061	1.1642210936779827e-08
3R	22599200	22652500	1123	8.224671443263032e-09
3R	22652500	22705800	1085	9.25179866972197e-09
3R	22705800	22759100	839	2.4944490465460816e-09
3R	22759100	22812400	1141	7.843081547413874e-09
3R	22812400	22865700	1026	3.329699353721181e-09
3R	22865700	22919000	1094	1.3344373524059787e-08
3R	22919000	22972300	952	1.2531161650969326e-08
3R	22972300	23025600	859	5.3663535136081965e-09
3R	23025600	23078900	996	7.488855347343276e-09
3R	23078900	23132200	1004	3.6443130511580172e-09
3R	23132200	23185500	1113	9.697619370928009e-09
3R	23185500	23238800	1106	1.5984040572259594e-08
3R	23238800	23292100	921	5.675114357896025e-09
3R	23292100	23345400	1022	1.1718246706688166e-08
3R	23345400	23398700	1137	1.0410620731707085e-08
3R	23398700	23452000	762	4.754904625447702e-09
3R	23452000	23505300	728	5.075719707855293e-09
3R	23505300	23558600	761	3.946298391713702e-09
3R	23558600	23611900	910	3.7161715149115386e-09
3R	23611900	23665200	817	7.052545955479887e-09
3R	23665200	23718500	856	1.9023629909454474e-08
3R	23718500	23771800	820	1.3436098583636545e-08
3R	23771800	23825100	774	8.680620434091642e-09
3R	23825100	23878400	652	6.4900979344137e-09
3R	23878400	23931700	712	7.392794224802927e-09
3R	23931700	23985000	890	1.0586761270048853e-08
3R	23985000	24038300	849	8.230575617440809e-09
3R	24038300	24091600	799	9.625329472152421e-09
3R	24091600	24144900	700	3.866843287767741e-09
3R	24144900	24198200	728	4.0199220732699205e-09
3R	24198200	24251500	294	6.288954467616724e-09
3R	24251500	24304800	817	1.426782155131454e-09
3R	24304800	24358100	502	2.9887777073833114e-09
3R	24358100	24411400	883	4.373470948554245e-09
3R	24411400	24464700	857	7.787181103770619e-09
3R	24464700	24518000	1032	1.058474790661255e-08
3R	24518000	24571300	1020	8.55262578834294e-09
3R	24571300	24624600	678	1.172655225383843e-08
3R	24624600	24677900	641	9.364570708783638e-09
3R	24677900	24731200	714	6.598745116284018e-09
3R	24731200	24784500	918	4.066918600405512e-09
3R	24784500	24837800	669	7.01338293482336e-09
3R	24837800	24891100	700	6.836237406665486e-09
3R	24891100	24944400	633	4.062652751376884e-09
3R	24944400	24997700	831	1.081020851756822e-08
3R	24997700	25051000	706	1.0240390571183932e-08
3R	25051000	25104300	968	5.397967267329609e-09
3R	25104300	25157600	909	6.36592473142253e-09
3R	25157600	25210900	1099	4.784946038199808e-09
3R	25210900	25264200	779	4.765653843121637e-09
3R	25264200	25317500	974	3.6013319715480527e-09
3R	25317500	25370800	761	2.2367362708298123e-09
3R	25370800	25424100	917	2.5751798446357173e-09
3R	25424100	25477400	907	3.548271667474888e-09
3R	25477400	25530700	843	5.560419190173909e-09
3R	25530700	25584000	1260	2.489329774497635e-08
3R	25584000	25637300	1017	1.0155136754954478e-08
3R	25637300	25690600	1030	7.099028144393095e-09
3R	25690600	25743900	792	3.541828904478716e-09
3R	25743900	25797200	1035	3.555890866361293e-09
3R	25797200	25850500	935	1.4849835855590555e-09
3R	25850500	25903800	963	5.3470861330933845e-09
3R	25903800	25957100	1144	9.232368866610616e-09
3R	25957100	26010400	842	2.43545355009094e-09
3R	26010400	26063700	890	9.143930039064964e-10
3R	26063700	26117000	683	6.020115744037318e-09
3R	26117000	26170300	1286	3.5142215748053445e-09
3R	26170300	26223600	1016	5.927742403992765e-09
3R	26223600	26276900	1050	6.194359096216699e-09
3R	26276900	26330200	1011	5.707085666916769e-09
3R	26330200	26383500	763	2.7451099745291446e-09
3R	26383500	26436800	961	2.781395633770541e-09
3R	26436800	26490100	1028	6.135117709997347e-09
3R	26490100	26543400	636	4.761397017570595e-09
3R	26543400	26596700	663	1.1722904513024421e-08
3R	26596700	26650000	1025	1.746671781789561e-08
3R	26650000	26703300	1092	5.9705588051367926e-09
3R	26703300	26756600	818	2.65597606293785e-09
3R	26756600	26809900	956	8.81795889088031e-09
3R	26809900	26863200	858	6.530246769996462e-09
3R	26863200	26916500	1078	8.205611038765342e-09
3R	26916500	26969800	1270	1.0391691167634387e-08
3R	26969800	27023100	1020	9.296925081127929e-09
3R	27023100	27076400	1324	4.979644486131217e-09
3R	27076400	27129700	1018	1.6188690259313913e-08
3R	27129700	27183000	1159	1.1323104111472674e-08
3R	27183000	27236300	1014	4.2975327449973e-09
3R	27236300	27289600	485	1.7254017385476799e-09
3R	27289600	27342900	1050	6.2486556167191016e-09
3R	27342900	27396200	842	4.3615419111859824e-09
3R	27396200	27449500	1001	6.868007943309949e-09
3R	27449500	27502800	1108	7.523564153876573e-09
3R	27502800	27556100	950	1.8028193841235615e-08
3R	27556100	27609400	943	1.681052305529796e-08
3R	27609400	27662700	1097	9.381244967427267e-09
3R	27662700	27716000	1025	2.3362884364274352e-08
3R	27716000	27769300	957	1.7942923669953036e-08
3R	27769300	27822600	873	3.0900324052415642e-09
3R	27822600	27875900	872	7.632360787094404e-09
3R	27875900	27929200	766	8.721097498671583e-09
3R	27929200	27982500	783	3.5195567059278744e-09
3R	27982500	28035800	1088	6.622189238986298e-09
3R	28035800	28089100	864	6.237634566782897e-09
3R	28089100	28142400	1126	5.021158122698812e-09
3R	28142400	28195700	839	2.8452028996482433e-09
3R	28195700	28249000	874	1.5871879521324764e-08
3R	28249000	28302300	905	1.0754282695394256e-08
3R	28302300	28355600	825	1.498932627650371e-08
3R	28355600	28408900	922	1.82377088393627e-08
3R	28408900	28462200	911	1.658318305839936e-08
3R	28462200	28515500	716	4.148664539723536e-09
3R	28515500	28568800	811	3.7769457643857575e-09
3R	28568800	28622100	811	1.170875739207213e-08
3R	28622100	28675400	1184	6.603604258963903e-09
3R	28675400	28728700	903	2.6567103484263846e-09
3R	28728700	28782000	874	1.9569000717206098e-08
3R	28782000	28835300	963	1.689843361596517e-08
3R	28835300	28888600	1117	1.6653136264207808e-08
3R	28888600	28941900	969	1.2053177891843848e-08
3R	28941900	28995200	1093	1.6948328195068014e-08
3R	28995200	29048500	793	5.858105971594716e-09
3R	29048500	29101800	816	2.782611547375209e-09
3R	29101800	29155100	721	8.122897331476254e-09
3R	29155100	29208400	1149	9.85416091595369e-09
3R	29208400	29261700	946	6.759179163953221e-09
3R	29261700	29315000	1398	1.1145067514903215e-08
3R	29315000	29368300	1331	1.3044514904377578e-08
3R	29368300	29421600	1378	2.4251329199751706e-08
3R	29421600	29474900	1142	1.9812581881072176e-08
3R	29474900	29528200	1131	1.717269893912154e-08
3R	29528200	29581500	1219	1.4018251200904938e-08
3R	29581500	29634800	1305	2.6773736332965463e-08
3R	29634800	29688100	1415	8.020391754037685e-09
3R	29688100	29741400	1492	2.252189117758332e-08
3R	29741400	29794700	958	1.3058205211777094e-08
3R	29794700	29848000	885	7.42536446714842e-09
3R	29848000	29901300	798	2.8183927665924117e-08
3R	29901300	29954600	1202	2.0677805924917493e-08
3R	29954600	30007900	1365	2.6340366902892957e-08
3R	30007900	30061200	1125	1.3417613707818616e-08
3R	30061200	30114500	1294	1.3720510419610454e-08
3R	30114500	30167800	1466	2.6486733349006097e-08
3R	30167800	30221100	1613	2.8898687476897703e-08
3R	30221100	30274400	1722	2.5346586501819232e-08
3R	30274400	30327700	1022	2.714211190985775e-08
3R	30327700	30381000	975	2.1681681905507542e-08
3R	30381000	30434300	1058	3.271545296550905e-09
3R	30434300	30487600	1437	9.26949822100627e-09
3R	30487600	30540900	1585	7.000288740911848e-09
3R	30540900	30594200	1209	7.168297998014225e-09
3R	30594200	30647500	1647	1.1700801504678311e-08
3R	30647500	30700800	1100	9.461372320453362e-09
3R	30700800	30754100	1253	1.5462868369779478e-08
3R	30754100	30807400	946	4.011436620535292e-09
3R	30807400	30860700	1206	1.8534536134543472e-08
3R	30860700	30914000	951	8.40835166109498e-09
3R	30914000	30967300	1117	4.2250742199843315e-09
3R	30967300	31020600	1094	5.545929741040711e-09
3R	31020600	31073900	1126	5.6425283244647565e-09
3R	31073900	31127200	944	2.1891430662388697e-09
3R	31127200	31180500	1231	4.432976271492977e-09
3R	31180500	31233800	825	6.11280490579737e-09
3R	31233800	31287100	935	5.931801840971622e-09
3R	31287100	31340400	992	8.975952087862589e-09
3R	31340400	31393700	987	1.6966190873908044e-08
3R	31393700	31447000	701	7.2159848211851196e-09
3R	31447000	31500300	613	5.3609755209671356e-09
3R	31500300	31553600	647	1.1270347221833329e-08
3R	31553600	31606900	449	8.651682141474383e-09
3R	31606900	31660200	771	6.713677150292758e-09
3R	31660200	31713500	527	5.558891966592533e-09
3R	31713500	31766800	390	1.4264979155875045e-09
3R	31766800	31820100	326	0
3R	31820100	31873400	476	2.0444121254381355e-09
3R	31873400	31926700	323	4.356479740260419e-09
3R	31926700	31980000	419	0
3R	31980000	32033300	268	0
3R	32033300	32079331	176	1.728183225513464e-09
