Latitude	Longitude	In(2L)t	In(2R)Ns	In(3L)P	In(3R)Payne	DEST
46.8136889	13.50794792	0.3141977	0.023384097	0.036722446	0.079846704	1
46.8136889	13.50794792	0.279587474	0.070179254	0.02973597	0.168330419	1
48.375	15.56	0.189325532	0.04583948	0.021229112	0.06860499	1
48.375	15.56	0.184498571	0.058574003	0.040007404	0.0441958	1
48.375	15.56	0.189616373	0.090616616	0.015049367	0.015187356	1
48.375	15.56	0.276934155	0.093652061	0.011129987	0.028779742	1
48.2	16.37	0.452975424	0.06824488	0.045743311	0.086234857	1
48.2	16.37	0.43145559	0.060639929	0.043455338	0.132167206	1
-17.51	145.98	0.154166667	0.088558664	0.170410097	0.760923521	1
-17.48	146	0.071875	0.005128205	0.196019345	0.95	1
-17.51	145.98	0.162743506	0.106792131	0.057101965	0.673300773	1
-17.48	146	0.343196849	0.076629028	0.193976177	0.666931217	1
-17.51	145.98	0.222926646	0.059776738	0.081022665	0.610422502	1
-17.48	146	0.349147727	0.058942219	0.168673739	0.717676173	1
-17.51	145.98	0.288690476	0.07885139	0.081068237	0.589957265	1
-17.48	146	0.308446712	0.072008057	0.11571683	0.549278846	1
-17.51	145.98	0.186141636	0.108252014	0.111034452	0.470700007	1
-17.48	146	0.259713349	0.074233405	0.127856707	0.633150778	1
-17.48	146	0.176388889	0.118831169	0.11110119	0.925	1
-17.521	146.026	0.048091577	0.042962973	0.001059322	0.038595106	1
-17.51	145.98	0.23546627	0.234490407	0.094168873	0.410515873	1
-17.51	145.98	0.052164502	0.051289881	0.082248401	0.662271062	1
-17.48	146	0.27957107	0.071097884	0.043619228	0.708818342	1
-17.51	145.98	0.290620491	0.070003222	0.126248355	0.81521164	1
-17.48	146	0.288873248	0.098026855	0.149108225	0.639646465	1
-17.51	145.98	0.345732139	0.12536144	0.039083833	0.575569986	1
-17.48	146	0.29852071	0.079347389	0.104249812	0.530018791	1
-17.51	145.98	0.243392256	0.137971473	0.153316848	0.498974868	1
-17.48	146	0.192424242	0.043881307	0.353527783	0.662268519	1
-25.17	149.93	0.20501443	0.066473358	0.039196548	0.311321549	1
-25.17	149.93	0.161305361	0.119399391	0.009077381	0.354280045	1
-25.17	149.93	0.292102982	0.194550439	0.033912219	0.313049451	1
-25.17	149.93	0.247916667	0.11866969	0.027471371	0.335912698	1
-25.17	149.93	0.239638448	0.081061508	0.044391152	0.172077922	1
-25.17	149.93	0.279581103	0.099567422	0.100925623	0.217541486	1
-25.17	149.93	0.106526807	0.085843844	0.037478795	0.447486772	1
-25.17	149.93	0.148602912	0.057867495	0.077329193	0.241388889	1
-25.17	149.93	0.159226592	0.084434082	0.076830942	0.194035999	1
-25.17	149.93	0.364292929	0.070903844	0.04907428	0.226564345	1
-16.927537	145.750821	0.311597879	0.095566587	0.203705883	0.392047397	1
-16.927537	145.750821	0.329697463	0.07156313	0.179935003	0.457518593	1
-23.13	150.73	0.194551282	0.058201186	0	0.328738778	1
-23.13	150.73	0.190331068	0.042020521	0	0.40099746	1
-23.13	150.73	0.161949162	0.051579034	0	0.369291819	1
-23.13	150.73	0.132081807	0.038967144	0.002463054	0.404273252	1
-23.13	150.73	0.161336996	0.019452315	0	0.349677579	1
-23.13	150.73	0.189280805	0.051483229	0	0.393389423	1
-23.13	150.73	0.065645466	0.209361874	0.00297619	0.5124899	1
-23.13	150.73	0.201926546	0.057166	0.006289308	0.481103896	1
-23.13	150.73	0.1121852	0.024657909	0	0.291531212	1
-23.13	150.73	0.152886003	0.039895551	0	0.307996633	1
-37.82	140.77	0.074404762	0.088730159	0	0.011904762	1
-37.82	140.77	0.110676129	0.128671952	0.002358491	0	1
-37.82	140.77	0.059453367	0.016761774	0	0	1
-37.82	140.77	0.062062937	0.064090797	0	0	1
-37.82	140.77	0.034090909	0.083237624	0	0	1
-37.82	140.77	0.066161616	0.037112945	0.003773585	0.010204082	1
-37.82	140.77	0	0.072229881	0.002272727	0	1
-37.82	140.77	0.013986014	0.043071214	0.001169591	0	1
-37.82	140.77	0.058366633	0.065438553	0	0.006493506	1
-37.82	140.77	0.047370151	0.057178932	0	0	1
-43	146.9	0	0	0.001883239	0.084746206	1
-43	146.9	0	0.015723982	0	0.149308562	1
-43	146.9	0	0.018181818	0	0.113766789	1
-43	146.9	0	0.012295082	0	0.03627451	1
-43	146.9	0	0.016805556	0	0.028218695	1
-43	146.9	0	0.019607843	0	0.043452381	1
-43	146.9	0	0.027777778	0	0.143849206	1
-43	146.9	0	0.006008359	0	0.101986382	1
-43	146.9	0	0.066324887	0	0.033333333	1
-43	146.9	0	0.012476266	0	0.025641026	1
-41.23	146.98	0	0.030236173	0	0.035745207	1
-41.23	146.98	0	0.030007937	0.004956268	0	1
-41.23	146.98	0	0.012840267	0.0015625	0.00390625	1
-41.23	146.98	0.06010101	0.030571429	0	0	1
-41.23	146.98	0.03125	0.005208333	0	0.030555556	1
-41.23	146.98	0	0.07143923	0.004260652	0.140573593	1
-41.23	146.98	0	0.008474576	0.003348214	0	1
-41.23	146.98	0.022446689	0.008941878	0.001818182	0.017171717	1
-41.23	146.98	0	0.012637457	0.001344086	0.008403361	1
-41.23	146.98	0.024242424	0.013818182	0.00127551	0	1
-42.77	147.56	0	0.152063985	0.132196521	0.080213904	1
-42.061824	146.738165	0.03030303	0.009630459	0	0.05042735	1
-42.061824	146.738165	0.053861416	0.00621118	0	0.051623377	1
-37.43	142.02	0.01268797	0.031041325	0.002380952	0.003676471	1
-37.43	142.02	0.112809917	0.006666667	0	0	1
-37.43	142.02	0.064441114	0.048462252	0	0	1
-37.43	142.02	0.026343754	0.076554787	0.002118644	0	1
-37.43	142.02	0.063670518	0.108713752	0	0	1
-37.43	142.02	0.048214286	0.264405257	0	0	1
-37.43	142.02	0	0.125877546	0	0	1
-37.43	142.02	0.083644689	0.131776854	0	0	1
-37.43	142.02	0.05	0.064598557	0	0	1
-37.43	142.02	0.076897309	0.088890298	0.001190476	0	1
-37.456222	144.940778	0.380295468	0.016910888	0.011089251	0.064013468	1
-36.835805	145.095787	0.047321097	0.025931963	0	0.075844656	1
-37.6933	145.3499	0.409548383	0.121172717	0.124443145	0.25723191	1
-29.678333	-53.69	0.152511277	0.00035461	0.299299652	0.156791324	1
-23.994722	-46.2525	0.763367737	0.004411765	0.00471464	0.412549631	1
52.142193	23.662434	0.143863421	0.039572976	0.037015903	0.029586448	1
45.25	-66.07	0	0.022222222	0	0	1
45.25	-66.07	0.020833333	0	0.007352941	0	1
45.25	-66.07	0.136853745	0.016256158	0.003338171	0	1
45.25	-66.07	0.082936508	0.016025641	0.005	0.012820513	1
45.25	-66.07	0.029545455	0.01509434	0.034175575	0	1
45.25	-66.07	0.018518519	0.0125	0	0	1
45.25	-66.07	0.058333333	0	0.011868687	0	1
45.25	-66.07	0.057856537	0.01261034	0.003147236	0	1
45.25	-66.07	0.037785292	0	0.007929293	0	1
45.25	-66.07	0.038059163	0.01038961	0.003527337	0	1
45.08	-64.37	0.018518519	0.030778165	0	0.03125	1
45.08	-64.37	0.041333666	0.016928904	0.001282051	0	1
45.08	-64.37	0.016608392	0.030837912	0	0	1
45.08	-64.37	0.076660795	0.046647142	0.004469507	0	1
45.08	-64.37	0	0.036101883	0	0	1
45.08	-64.37	0.025421245	0.011922504	0.003670158	0.005347594	1
45.08	-64.37	0.114387927	0.009718007	0.011080586	0	1
45.08	-64.37	0.094744733	0.028538413	0.001210654	0	1
45.08	-64.37	0.076094276	0.037478027	0.002873563	0	1
45.08	-64.37	0.079846939	0.063023088	0.002463054	0	1
46.53	-80.96	0.136867923	0.008824355	0.00140288	0.023239427	1
46.53	-80.96	0.135266042	0.037781899	0.001611951	0.037395995	1
46.71061	6.98713	0.320626387	0.117134298	0.058487799	0.099901355	1
46.5670416	6.701867	0.458892683	0.100852213	0.059214424	0.138464792	1
46.5670416	6.701867	0.357193789	0.071327353	0.067636291	0.045419167	1
46.5670416	6.701867	0.306640276	0.092502001	0.065562308	0.27803019	1
46.5670416	6.701867	0.443491822	0.113150127	0.020857071	0.122557877	1
46.93947	7.05332	0.185533562	0.091838717	0.042426076	0.056697	1
46.93947	7.05332	0.297230138	0.095827611	0.09784973	0.107900292	1
46.93947	7.05332	0.231650672	0.128688026	0.05587008	0.044387516	1
46.93947	7.05332	0.275859189	0.139813436	0.016857754	0.13759215	1
46.93947	7.05332	0.351367092	0.115011496	0.042376757	0.124029364	1
6.25	10.43	0.11031746	0.014285714	0.004615385	0.095588235	1
39.91	116.41	0	0.009244724	0.078846154	0	1
4.995972	-74.364194	0.08009038	0.119627196	0.040461891	0.474017091	1
4.967111	-74.083889	0.218711254	0.180383964	0.008670344	0.206070867	1
11.143611	-74.117778	0.077574827	0.030756637	0.004599513	0.741192977	1
4.489722	-75.311667	0.242449553	0.289725765	0.103405469	0.730346887	1
4.203889	-74.642778	0.282125039	0.308448606	0.096673858	0.698831285	1
35.066461	33.322646	0.320696331	0.010687245	0.139064972	0.135831404	1
48.218024	7.819513	0.199752204	0.040539083	0.014126081	0.080114926	1
48.218024	7.819513	0.094054072	0.048280427	0.013056074	0.04416977	1
48.218	7.82	0.280165307	0.076808072	0.000420227	0.072801028	1
48.218	7.82	0.192010862	0.059094397	0.027359145	0.081034949	1
48.218024	7.819513	0.054869591	0.015954441	0.012777311	0.092489134	1
48.218024	7.819513	0.106009983	0.031575496	0.000490326	0	1
48.217898	7.819194	0.078689858	0.022714848	0.00091617	0	1
48.217898	7.819194	0.160604688	0.023860591	0.022797627	0.057483776	1
48.217898	7.819194	0.123655951	0.046679727	0.013067867	0	1
48.217898	7.819194	0.411217051	0.012315271	0.173276939	0.091052047	1
48.217898	7.819194	0.093550861	0.0027753	0.109730744	0.143183298	1
48.217898	7.819194	0.1436668	0.048800003	0.012270618	0.020151519	1
48.217898	7.819194	0.09188437	0.035661035	0.042135571	0.065799529	1
47.622135	8.217058	0.092398875	0.033370019	0.109546208	0.052188476	1
47.622135	8.217058	0.37521322	0.108940733	0.060740802	0.042066848	1
48.18	11.61	0.352039356	0.137071573	0.000403551	0.028897804	1
48.18	11.61	0.497172306	0.109471267	0.038235504	0.018908683	1
48.18	11.61	0.342131287	0.041948921	0.01722681	0.07730279	1
48.18	11.61	0.176467609	0.121414726	0.002864888	0.041592375	1
48.18	11.61	0.149822047	0.141666965	0.002514339	0.01463284	1
48.18	11.61	0.280490207	0.073710429	0.008826209	0.043200801	1
48.18	11.61	0.203291281	0.084693288	0.013171314	0.006652098	1
48.18	11.61	0.437580825	0.051662517	0.038505842	0.040715192	1
48.18	11.61	0.231352781	0.075147438	0.041124186	0.046384062	1
48.18	11.61	0.319504968	0.090864962	0.043624067	0.008027361	1
48.18	11.61	0.303921989	0.082347556	0.058215364	0.022692993	1
48.18	11.61	0.362284843	0.109601259	0.013344757	0.104286935	1
48.18	11.61	0.463112345	0.031904257	0.032332497	0.059855285	1
48.18	11.61	0.400733549	0.048193471	0.037513843	0.088851084	1
48.18	11.61	0.413315637	0.05469644	0.015326088	0.038153155	1
48.18	11.61	0.380451872	0.062099649	0.031691658	0.036453754	1
49.780082	9.974293	0.33616857	0.099869974	0.019677746	0.22400306	1
49.778659	9.975929	0.26202896	0.080984914	0.033103663	0.057186918	1
49.778659	9.975929	0.237611492	0.047453355	0.017249808	0.086096765	1
49.780082	9.974293	0.139972669	0.073960006	0.040401008	0.076538331	1
52.69907	13.07596	0.075033283	0.01754386	0	0	1
52.38012	12.86791	0.144667666	0.031716736	0.001058201	0.013237556	1
55.945128	10.212586	0.069949194	0.066176444	0.000277778	0.00094697	1
55.945128	10.212586	0.050464705	0.039495811	0.000409836	0	1
55.945128	10.212586	0.356818446	0.085943188	0.003634545	0.000822368	1
55.945128	10.212586	0.146679674	0.07953846	0.002655161	0.000844595	1
55.945128	10.212586	0.129574292	0.067003442	0.002910177	0	1
55.945128	10.212586	0.058044756	0.038234733	0.000234742	0	1
55.945128	10.212586	0.146708845	0.014354067	0.018340712	0.031065969	1
55.945128	10.212586	0.051434804	0.024389594	0.000992063	0	1
55.945128	10.212586	0.104235763	0.057985142	0.000485147	0.00117096	1
55.945128	10.212586	0.049271706	0.014165353	0	0	1
55.945128	10.212586	0.079240331	0.107507173	0.000566893	0	1
55.945128	10.212586	0.065523339	0.074099125	0.000691802	0	1
-0.288806	-78.494472	0.281778385	0.00945604	0.138420307	0.059374278	1
30.1	31.32	0.462184874	0.183522112	0.002366864	0.006535948	1
39.1689	2.9849	0.165995426	0.0198862	0.046164871	0.037993028	1
41.38	2.17	0.122217396	0.048239241	0.078539233	0.062876167	1
41.38	2.17	0.259219596	0.092602527	0.020344951	0.028990558	1
38.97072081	-3.407212046	0.294933774	0.037849261	0.063304915	0.109824896	1
39.15805	-3.021	0.332393548	0.049865128	0.090399927	0.079877826	1
39.15805	-3.021	0.204684101	0.075459105	0.056204483	0.036231779	1
39.152529	-3.0616048	0.154995653	0.011677463	0.035441911	0.000822368	1
39.152529	-3.0616048	0.224159478	0.024267997	0.064524368	0.03512752	1
39.1567614	-3.0497293	0.284385477	0.005106892	0.062799919	0.050326662	1
39.17	-2.97	0.177573458	0.038352354	0.053476632	0.088454232	1
39.1567614	-3.0497293	0.289334719	0.019914188	0.055902397	0.008142458	1
37.353733	-3.167179	0.106281502	0.054118562	0.040854586	0.095571664	1
37.363279	-3.168799	0.258765101	0.072858783	0.081542202	0.065411122	1
37.661547	-2.79631	0.314656613	0.011465114	0.126391336	0.042092339	1
37.66177326	-2.796235346	0.243452737	0.027128934	0.058445449	0.101463299	1
37.3308	-3.173416	0.269793934	0.030715806	0.058952361	0.093486677	1
37.3377875	-3.1786148	0.225998107	0.053760512	0.053533443	0.073490355	1
41.6175899	0.6200146	0.320552858	0.011414735	0.103005645	0.0948287	1
41.6175899	0.6200146	0.165124938	0.028145828	0.098981822	0.220103921	1
41.656416	0.388472	0.255773766	0.010926653	0.080175977	0.206326432	1
41.656416	0.388472	0.241364154	0.013084454	0.061757116	0.21406772	1
41.656416	0.388472	0.289793908	0.013215738	0.073740205	0.076169767	1
41.656416	0.388472	0.307391141	0.019481851	0.092731727	0.229269182	1
41.65	0.38	0.148106147	0.05711257	0.134459017	0.323798513	1
41.656416	0.388472	0.263443883	0.027121729	0.124602905	0.412747042	1
41.656416	0.388472	0.271756817	0.011021505	0.083309965	0.260551926	1
41.65	0.38	0.306520717	0.030208903	0.084940384	0.260363484	1
41.656416	0.388472	0.221469867	0.011412766	0.087516434	0.164989349	1
41.656416	0.388472	0.303313117	0.012788846	0.178537777	0.306009523	1
41.651944	0.388889	0.104789441	0.019450856	0.025440495	0.256372549	1
41.485	0.522	0.203621034	0.014814522	0.059903964	0.200828543	1
40.06	-3.53	0.200313393	0.040357808	0.05609392	0.106380789	1
39.87	-3.32	0.175451873	0.037523035	0.086136606	0.082349892	1
41.53	-5.68	0.288196659	0.030037175	0.141951378	0.085786198	1
9.68	39.53	0	0.015873016	0.003125	0.011764706	1
8.25	34.59	0.035714286	0.013227513	0.011538462	0	1
6.98	39.18	0	0.00952381	0	0	1
9.81	38.63	0	0.011337868	0.003831845	0.006920415	1
7.26	36.25	0	0.00952381	0.009375	0	1
62	25	0.41884429	0.124122808	0.014287541	0	1
62.55	26.24	0.310643207	0.011727573	0	0.017466279	1
62.55	26.24	0.2771868	0.094451668	0	0.0330723	1
61.1	23.52	0.223397352	0.04703179	0.026940895	0	1
61.1	23.52	0.255380232	0.024196632	0.008663392	0.013884637	1
61.1	23.52	0.346618767	0.059786897	0.001239536	0.028354422	1
61.1	23.52	0.289833305	0.071851782	0.010454046	0	1
61.1	23.52	0.259068336	0.063757902	0.055564681	0.0095626	1
61.1	23.52	0.285374384	0.06671976	0.020409094	0.036890199	1
61.1	23.5	0.349808746	0.103793562	0.002003407	0	1
61.1	23.5	0.151936027	0.109182467	0.047551808	0.006512441	1
61.1	23.5	0.382420614	0.051344601	0.000814599	0.027015863	1
61.1	23.5	0.256325342	0.079540212	0.000750188	0.029718333	1
61.1	23.5	0.208211003	0.02259226	0.000558036	0.031169659	1
61.1	23.5	0.394391226	0.094564978	0.022442066	0	1
61.1	23.5	0.281534111	0.139171614	0.000702576	0.027313044	1
61.1	23.5	0.228163588	0.030646629	0	0.003676471	1
61.1	23.52	0.200875452	0.057166135	0.000584795	0	1
61.1	23.52	0.121713623	0.055329748	0.000641026	0	1
45.921	4.882	0.108351368	0.05044013	0.016214338	0	1
45.9	4.91	0.1619244	0.024190599	0.044561347	0.064707808	1
47.42884	5.0776	0.19848982	0.075587597	0.015525186	0.020782367	1
47.26735	5.45608	0.397639834	0.067141448	0.055837053	0.09734082	1
47.26735	5.45608	0.301290608	0.049347825	0.040536798	0.05114837	1
47.26624	5.45114	0.281362432	0.02190727	0.000212902	0.144931551	1
44.976813	4.930005	0.041814473	0.013525272	0.024187636	0.011277747	1
44.977	4.93	0.063109404	0.013984509	0.004494529	0.021204892	1
44.977	4.93	0.014939285	0.012871795	0.038276071	0.079536148	1
44.977	4.93	0.067043494	0.015350991	0.024874005	0.08739424	1
44.976813	4.930005	0.107151682	0.013768116	0	0.038176797	1
48.7543324	2.1584108	0.13870712	0.04627939	0.047023234	0.037270591	1
48.7543324	2.1584108	0.071876559	0.013497948	0.042675132	0.081359601	1
48.754	2.158	0.304705244	0.060946673	0.031837106	0.089128668	1
48.754	2.158	0.18316017	0.042546488	0.091854522	0.033740337	1
48.7543324	2.1584108	0.238661966	0.030191619	0.080339478	0.171149964	1
48.75	2.158	0.22966742	0.017858451	0.036755397	0.122201507	1
48.75	2.158	0.215356699	0.065414013	0.070417563	0.165234605	1
48.13	1.34	0.090006892	0.011693548	0.000961766	0.068913445	1
16.32	-61.78	0	0.011128151	0.000985929	0.484698326	1
16.25	-61.28	0.033931066	0.006299735	0.068657631	0.392204964	1
45	4	0.111845645	0.015688131	0.019033555	0.043927361	1
45	4	0	0	0	na	1
43.709061	3.848005	0.217374182	0.066477784	0.033175569	0.188530228	1
43.709061	3.848005	0.179146907	0.013995192	0.016635826	0.056037453	1
48.13	-1.58	0.057030581	0.010483871	0.028057235	0.01084895	1
48.13	-1.58	0.051437179	0	0.017862103	0.004731622	1
45.77	4.86	0.032503244	0.011264721	0.001134802	0.023540087	1
-1.65	13.6	0.560515873	0.015873016	0	0.31372549	1
51.099768	0.164408	0.06403449	0.03329856	0.025535185	0.058067323	1
51.099767	0.164407	0.160173808	0.040199346	0.012462154	0.027325372	1
55.9323	-3.1951	0.050611013	0.012831459	0.003389831	0.004785252	1
55.9324	-3.1952	0.130944263	0.009011385	0.001433692	0	1
55.972871	-3.351475	0.101070254	0.014476281	0.003849664	0.001278772	1
56.344534	-2.952766	0.033446696	0.011829551	0.000712149	0	1
56.3447	-2.9525	0.034723872	0.012549048	0	0	1
56.34716	-2.95054	0.113692952	0.010056203	0	0.015006562	1
51.351161	0.184561	0.125031211	0.070267976	0	0	1
52.433592	-1.102667	0.078773091	0.018387303	0.024403659	0.024321338	1
52.475769	-0.921517	0.011399989	0.017055289	0.025099435	0.039032772	1
52.4608	-0.959	0.039511684	0.010772909	0.013386917	0.00145745	1
52.46	-0.959	0.124574353	0.024533703	0.000167224	0.011114554	1
52.46086111	0.95902778	0.073710621	0.053124297	0.016903438	0.034061078	1
52.46086111	0.95902778	0.077214581	0.027248934	0	0	1
52.46086111	0.95902778	0.11356048	0.035009896	0.000728597	0.02228023	1
56.32034	-3.78092	0.195388117	0.071292235	0.001159829	0.001644737	1
56.3204	-3.781	0.092572715	0.035293729	0.004056437	0.003703704	1
53.39052	-1.520599	0.146264307	0.014401852	0.00162742	0.030175413	1
53.391	-1.521	0.25524254	0.010149934	0.000391986	0.040554091	1
10.7	-12.25	0.203571429	0.015873016	0.006153846	0.376470588	1
35.32188344	25.11104465	0.105722607	0.013582343	0.135395209	0	1
35.223236	25.108428	0	0	0	na	1
35.223236	25.108428	0.111198352	0.020822846	0.02638119	0.097561037	1
35.30654389	25.08007754	0.268346948	0.077601714	0.016166582	0.105763288	1
35.32188344	25.11104465	0.244650055	0.070216145	0.036142199	0.046857025	1
42.279	18.334	0.281722804	0.049070976	0.051791614	0.068601916	1
42.282	18.322	0.20876834	0.023109965	0.068083083	0.081021529	1
47.617361	18.892002	0.322321245	0.076622918	0.129352454	0.113143358	1
47.617361	18.892002	0.135191892	0.047478159	0.016732279	0.153776329	1
47.617361	18.892002	0.19480036	0.047223358	0.069402136	0.1071098	1
46.25	20.13	0.159645241	0.039042597	0.041285047	0.002530228	1
41.15	8.41	0.303027101	0.038579501	0.042574657	0.09462963	1
46.212856	11.08755	0.100590825	0.060885891	0.060321055	0.061127335	1
46.217939	11.123423	0.173608436	0.013328641	0.094399912	0.093267386	1
46.191059	11.135751	0.089493167	0.02075297	0.021005223	0.056498777	1
46.187389	11.13636	0.187185568	0.034017026	0.05321823	0.09282261	1
46.18739	11.13637	0.160299666	0.014759724	0	0.025054368	1
46.2	11.13333	0.133625298	0.007687775	0.007159329	0.007092462	1
0.04	36.36	0.389285714	0.012698413	0.003076923	0	1
34.95628944	-2.265683413	0.09948928	0.012492651	0.074762302	0.103343147	1
34.95628944	-2.265683413	0.202506033	0.017525759	0.126447369	0.042500844	1
35.02990908	-2.402129163	0.129791226	0	0.123983591	0.18565882	1
35.02990908	-2.402129163	0.103809817	0.014672177	0.055652234	0.027407574	1
35.0299088	-2.400933	0.154744916	0.010908121	0.123513275	0.067483928	1
35.032167	-2.394361	0.181440266	0.016566453	0.000320513	0.081198603	1
35.032167	-2.394361	0.23045102	0.022823105	0.000621058	0.01896404	1
35.14673389	-6.149771446	0	0	0	na	1
11.85	13.16	0.661904762	0.333862434	0.476923077	0.158823529	1
53.1512	6.3034	0.347934827	0.01400034	0.003648253	0.008348226	1
53.1512	6.3034	0.326368265	0.018876853	0.000233918	0.001645022	1
53.15917	6.30667	0.537362059	0.130108314	0.002143751	0.016925039	1
52.02	5.1	0.154074497	0.009337068	0.000961538	0	1
8.9844	-79.5178	0.236060007	0.072730857	0.111157064	0.440062238	1
51.2315	22.524833	0.193942673	0.033939014	0	0.021978022	1
54.35	18.64	0.25085228	0.024704784	0.001817842	0.07149415	1
54.27342	19.620169	0.228692803	0.068837215	0.002529407	0.002622378	1
54.27342	19.620169	0.315080693	0.037329471	0.001919161	0.017872885	1
54.2735	19.620167	0.251222971	0.017666209	0.000496278	0.010552158	1
41.15	-8.41	0.161060917	0.048768114	0.048605178	0.140975042	1
41.15	-8.41	0.116844567	0.048526683	0.084468827	0.13744862	1
41.15	-8.41	0.30871789	0.021820791	0.137304868	0.11533051	1
44.15	20.18	0.100229958	0.020912769	0.007887038	0.067893944	1
44.104161	19.981698	0.148817721	0.024339599	0.036429044	0.013076249	1
44.4455	19.2512	0.098024976	0.021836252	0.012586918	0	1
44.59	20.9	0.140771112	0.045120868	0.010952983	0	1
45.15	20.18	0.068679302	0.046560925	0.02396662	0	1
45.15	20.18	0.076503944	0.024517363	0.028774593	0	1
45.13	20.25	0.154139683	0.043430744	0.000862069	0.091561137	1
45.13	20.25	0.117650176	0.030675299	0.001298618	0.021365993	1
45.09	20.18	0.08095413	0.012333571	0.010333959	0	1
44.9863	20.1664	0.10426301	0.0578167	0.030613681	0.034989441	1
44.9863	20.1667	0.186226232	0.022695953	0.052623356	0.039835478	1
44.9863	20.1667	0.233224824	0.054481652	0.033110693	0.049904165	1
44.9863	20.1667	0.133453143	0.034227636	0.015108078	0.041508386	1
43.4	22.42	0.073022432	0.011865575	0.009594333	0.000811688	1
43.4	22.42	0.123233662	0.028223034	0.038397541	0	1
44.5015	34.16611944	0.153131069	0.029579467	0.009093165	0.091758771	1
44.5015	34.16611944	0.174335184	0.025721206	0.027794755	0.06328047	1
44.5015	34.16611944	0.124323815	0.054397757	0.001522938	0.086896273	1
44.5015	34.16611944	0.111694299	0.035451993	0.04747919	0.057377771	1
44.5015	34.1661	0.082216555	0.022906727	0.014038134	0.00818621	1
57.9788789	33.243615	0.178069372	0.015090143	0.010776723	0.058685542	1
58.024	33.23528	0.218627825	0.030139511	0.000197511	0.000621118	1
58.024	33.23528	0.143071827	0.045748367	0.000349563	0.000995025	1
58.02444	33.235277	0.142101259	0.012806993	0.063476103	0.011058447	1
58.02444	33.235277	0.058569255	0.08078578	0.000840689	0.00170068	1
58.02444	33.235277	0.06158751	0.008510163	0.000212585	0.00087108	1
58.02444	33.235277	0.392945977	0.032690164	0.078648442	0.027611281	1
58.02444	33.235277	0.24771688	0.021994214	0.053106636	0.04960526	1
58.02444	33.235277	0.140231316	0.013399814	0.032421616	0.042599722	1
53.99778	38.13167	0.234230983	0.010383101	0.020937566	0.025588036	1
56.41472	38.71611	0.111752051	0.011827957	0.009463799	0	1
56.41472	38.71611	0.208060842	0.118679382	0.016902716	0.020803551	1
56.41472	38.71611	0.187576335	0.137348779	0.068320396	0.042237055	1
56.41472	38.71611	0.436367883	0.012508809	0	0.001568627	1
56.41472	38.71611	0.242528057	0.101666422	0.013179941	0.07651907	1
-2.49	28.92	0.113220113	0.037227197	0.002279202	0.139433551	1
55.694	13.198	0.144758933	0.033168295	0.014366448	0.022678037	1
55.694	13.198	0.090185103	0.015498161	0.000731327	0.006923415	1
55.694	13.198	0.156485454	0.014142499	0.02568566	0.022895032	1
NA	NA	0.090909091	0	0.032258065	0	1
40.231444	32.260328	0.140621329	0.060313427	0.034284495	0.082270897	1
40.231444	32.260328	0.165421597	0.014375772	0.02759983	0.128975603	1
40.231444	32.260328	0.111128516	0.010219289	0.002056676	0.038385344	1
40.231444	32.260328	0.216066121	0.01059322	0.040530314	0.0717568	1
40.231444	32.260328	0.182348863	0.018526061	0.034452475	0.130610501	1
40.231444	32.260328	0.306518428	0.009528154	0.08852178	0.042795561	1
40.231444	32.260328	0.104570284	0.039958155	0.013532764	0.058726957	1
40.231444	32.260328	0.164654612	0.014984669	0.040561848	0.070863917	1
40.231444	32.260328	0.147907255	0.025341302	0.052971683	0.093093824	1
40.231444	32.260328	0.084959562	0.017984934	0.019544657	0.101404358	1
40.231444	32.260328	0.112994345	0.022303023	0.04158758	0.114940946	1
40.231444	32.260328	0.247721455	0.010901539	0.116627592	0.112415066	1
40.231444	32.260328	0.238096531	0.015942188	0.06827279	0.135629169	1
40.231444	32.260328	0.147877943	0.021066756	0.027038099	0.100330634	1
40.231444	32.260328	0.13023855	0.012336844	0.028682653	0.039502557	1
40.231445	32.260329	0.190311469	0.022498219	0	0.071550251	1
40.231446	32.26033	0.121781697	0.012595167	0.048091124	0.274795559	1
40.231447	32.260331	0.145409309	0.012295082	0.024674073	0.144339975	1
40.231448	32.260332	0.151733886	0.040885503	0.045983347	0.11664467	1
40.231449	32.260333	0.077205868	0.015988413	0.000217439	0.011472749	1
40.231444	32.260328	0.207521187	0.020889449	0.049707823	0.100513412	1
40.231444	32.260328	0.193056821	0.013493491	0.034572434	0.121629861	1
40.231444	32.260328	0.194265366	0.025627234	0.032263224	0.122164125	1
40.231444	32.260328	0.118992202	0.022274805	0.000899471	0.169573872	1
40.231444	32.260328	0.127768804	0.012528419	0.049732182	0.163215249	1
40.231444	32.260328	0.150822736	0.039028357	0.042917842	0.077551258	1
40.231444	32.260328	0.090606768	0.011976799	0.000268817	0.083811542	1
40.231444	32.260328	0.13214212	0.050963596	0.053451546	0.112124497	1
40.231444	32.260328	0.207426463	0.070492052	0.0577456	0.051603875	1
40.231444	32.260328	0.206175384	0.014885311	0.047237184	0.075616412	1
40.231444	32.260328	0.392507481	0.013403947	0.190404468	0.118879725	1
40.231444	32.260328	0.170246323	0.027518317	0.12208329	0.142729013	1
40.231444	32.260328	0.264649393	0.011567478	0.039396498	0.107243053	1
40.231444	32.260328	0.22201249	0.021231523	0.064457629	0.113012713	1
40.231444	32.260328	0.133470494	0.032612594	0.07931806	0.08417427	1
40.231444	32.260328	0.123700176	0.024196964	0.147232509	0.132454904	1
40.231444	32.260328	0.165435834	0.037475679	0.139613622	0.045134276	1
40.231445	32.260329	0.266380254	0.015511034	0.045046977	0.045890878	1
40.231446	32.26033	0.228096172	0.02388486	0.049675375	0.043828966	1
40.231447	32.260331	0.213157494	0.072718828	0.042982378	0.07086398	1
40.231448	32.260332	0.210633961	0.011007026	0.033536764	0.032381144	1
40.231449	32.260333	0.229874642	0.035139497	0.113769198	0.036742954	1
48.788833	30.279833	0.210028826	0.182648958	0.060868655	0.107478026	1
49.72	31.53	0.15771154	0.048724623	0.067569582	0.064731433	1
50.53752	32.51880556	0.248845188	0.089766798	0.064785241	0.052962482	1
48.75327778	30.20580556	0.136415353	0.120482586	0.057721881	0.095683309	1
48.75327778	30.20580556	0.168964034	0.04172534	0.09275311	0.093666896	1
48.76	30.17	0.143938316	0.217021902	0.08346721	0.094612896	1
48.75	30.2	0.13554459	0.133101725	0.059470759	0.101197196	1
48.76224	30.244566	0.159860273	0.116853803	0.028172195	0.031564649	1
48.76224	30.244566	0.050679079	0.146356101	0.075508594	0.151030043	1
48.76224	30.244566	0.190832204	0.128567018	0.021321551	0.087257863	1
48.769055	30.173227	0.196031029	0.094053757	0.071415404	0.034818645	1
48.76224	30.244566	0.22247438	0.150923498	0.092064004	0.086784677	1
48.769055	30.173227	0.10688368	0.119514102	0.000694444	0.112248524	1
48.76224	30.244566	0.144691111	0.044280509	0.034844651	0.055448	1
48.76224	30.244566	0.118341912	0.098247622	0.016918113	0.040784093	1
48.769055	30.173227	0.183538777	0.125476037	0.040522602	0.057450564	1
50.48469444	32.71425	0.239254953	0.09847542	0.064838189	0.036050747	1
50.48469444	32.71425	0.149464261	0.030069488	0.131346542	0.112976142	1
50.48469444	32.71425	0.185228474	0.042702976	0.075968165	0.040917953	1
50.48469444	32.71425	0.198423595	0.124580248	0.132429762	0.246835626	1
50.492583	32.714147	0.145561478	0.082467159	0.09291968	0.138176258	1
50.492583	32.714147	0.249028156	0.139871236	0.082998099	0.060062307	1
50.492583	32.714147	0.197999015	0.083389813	0.04963115	0.079057868	1
47.124453	37.690053	0.183582026	0.204530027	0.048676656	0.02413384	1
47.10500532	37.66617511	0.089259001	0.173749233	0.064694823	0.030228156	1
48.690794	37.005189	0.249755471	0.108357507	0.060496642	0.098695683	1
49.81852778	36.05475	0.187304323	0.089044061	0.101182871	0.032731269	1
49.81852778	36.05475	0.172670871	0.073392467	0.055829573	0.024994953	1
49.81852778	36.05475	0.215860853	0.094574189	0.071181008	0.03625914	1
49.81852778	36.05475	0.160913021	0.029307831	0.077031541	0.097550089	1
49.990083	36.230678	0.214174145	0.138957465	0.029912803	0.045075342	1
49.990083	36.230678	0.208844924	0.130526947	0.050288025	0.114643818	1
51.27263889	30.22136111	0.14047531	0.054628688	0.108779078	0.079408804	1
51.279245	30.213118	0.11492834	0.033713957	0.020447815	0.048876003	1
51.279245	30.213118	0.146024838	0.080179367	0.034521573	0.054684881	1
51.279245	30.213118	0.1732896	0.028657262	0.059891206	0.013432473	1
51.27263889	30.22136111	0.175990654	0.076751084	0.05913466	0.004074269	1
51.27	30.21	0.239551831	0.151382392	0.057984855	0	1
51.37	30.13	0.231113402	0.147630357	0.016249324	0.031211865	1
51.375003	30.139258	0.238256115	0.059051789	0.024587695	0.076579053	1
51.37330556	30.13830556	0.267344299	0.076260463	0.039730968	0.020538744	1
51.279245	30.213118	0.214849521	0.059760823	0.038261651	0.013416156	1
51.38691667	30.07330556	0.368060036	0.10145503	0.044639516	0.02524797	1
51.27888889	29.39438889	0.271686361	0.035487423	0.024627719	0.050622594	1
51.37330556	30.13830556	0.078884828	0.094512616	0.082367788	0.020147467	1
51.38691667	30.07330556	0.226658984	0.100547453	0.037557779	0.019535075	1
51.3352	30.136179	0.228910639	0.110073387	0.046918284	0.013170767	1
51.27888889	29.39438889	0.113883133	0.061632312	0.071955428	0.011936948	1
51.38691667	30.07330556	0.210212424	0.070629835	0.015859802	0.000661376	1
50.284972	30.331972	0.211945482	0.119183406	0.075374931	0.02287634	1
50.58886	30.57138	0.263114982	0.120844749	0.125527368	0.048063667	1
51.351861	30.126111	0.238486772	0.139168842	0.061077832	0.006623828	1
50.34402778	30.48911111	0.173024681	0.10344814	0.034486632	0.066062395	1
50.34402778	30.48911111	0.238047432	0.082616735	0.04062366	0.090141546	1
50.34402778	30.48911111	0.152100765	0.176128634	0.052160042	0.034405782	1
50.383374	30.368038	0.211552381	0.166753412	0.069200539	0.017606221	1
50.38	30.36	0.163119259	0.114438447	0.064390644	0.034412797	1
50.3834	30.3682	0.235922191	0.102249293	0.062275436	0.033840635	1
50.38	30.36	0.304163056	0.130582464	0.07363067	0.05087045	1
50.37875	30.475091	0.190223465	0.151056047	0.01793205	0.016330888	1
51.4	30.05416645	0.339885591	0.126929405	0.091531469	0.04092548	1
50.383359	30.367921	0.174680928	0.079780439	0.057373446	0.119931862	1
50.383359	30.367921	0.353554113	0.195211709	0.06184794	0.080344958	1
50.383359	30.367921	0.164371363	0.142005954	0.117182966	0.08218807	1
50.383359	30.367921	0.262233578	0.174748755	0.143168101	0.088824573	1
50.383359	30.367921	0.142901036	0.16298693	0.051333112	0.057658469	1
50.383359	30.367921	0.145784767	0.165131732	0.108872731	0.047185238	1
50.383359	30.367921	0.234974985	0.168944791	0.107965666	0.116729155	1
50.383359	30.367921	0.292810373	0.102279849	0.075616432	0.101611301	1
50.383359	30.367921	0.167112826	0.113832427	0.025746973	0.098638599	1
50.383359	30.367921	0.280775979	0.117865502	0.031936619	0.079946985	1
50.383359	30.367921	0.280162666	0.175558827	0.107833454	0.040668645	1
50.383359	30.367921	0.223095754	0.072356829	0.092582668	0.063833629	1
50.383359	30.367921	0.210834421	0.122353383	0.061794606	0.067349559	1
50.383359	30.367921	0.266005911	0.078292629	0.021212778	0.105944263	1
49.32991667	23.50280556	0.157961858	0.092371002	0	0.058364357	1
49.32991667	23.50280556	0.127000821	0.047604635	0.011702655	0.181019306	1
49.32991667	23.50280556	0.180575091	0.113151807	0.013809483	0.08890637	1
46.616779	31.355456	0.291194668	0.067014154	0.041336429	0.002195686	1
46.49	30.71	0.155203029	0.038895478	0.014737679	0.054628078	1
46.49	30.71	0.241248486	0.072869525	0.032999336	0.058779272	1
46.44155556	30.77169444	0.086636246	0.10260479	0.011341426	0.046720489	1
46.44155556	30.77169444	0.180240013	0.101199836	0.0220029	0.024371164	1
46.44155556	30.77169444	0.18490655	0.088343743	0.078526552	0.056346839	1
46.44155556	30.77169444	0.338959356	0.137110486	0.071144697	0.043808949	1
46.44155556	30.77169444	0.131002643	0.041107126	0.0311176	0.048592737	1
46.44155556	30.77169444	0.200738981	0.051920397	0.008247163	0.039680237	1
46.44155556	30.77169444	0.139379293	0.074001059	0.080886103	0.056782427	1
46.44155556	30.77169444	0.338303698	0.084085583	0.02514743	0.082136061	1
46.44	30.77	0.159489896	0.083982837	0.045938609	0.00718034	1
46.44155556	30.77169444	0.175193161	0.058350168	0.025303793	0.046751445	1
46.441227	30.771592	0.217410853	0.064979719	0.022655181	0.003095975	1
46.441227	30.771592	0.288592538	0.106103983	0.028244657	0.031675613	1
46.441227	30.771592	0.190554776	0.163238573	0.009369164	0.030458104	1
46.441227	30.771592	0.221045932	0.182446539	0.022966346	0	1
46.441227	30.771592	0.314331651	0.211076231	0.030730154	0.016273693	1
46.441227	30.771592	0.132501793	0.09994092	0.02015135	0.017461646	1
46.441227	30.771592	0.267524799	0.14472859	0.043321532	0.024001092	1
46.441227	30.771592	0.119371276	0.077050252	0.033534676	0	1
46.391972	30.68125	0.161114781	0.114569525	0.02802541	0.030077695	1
46.441227	30.771592	0.172293072	0.192511445	0.037708378	0.047451485	1
46.441227	30.771592	0.31468102	0.162048867	0.038988533	0	1
46.391972	30.68125	0.022276912	0.083738333	0	0	1
50.25375	32.51880556	0.17290069	0.080383344	0.105416544	0.03046293	1
50.25375	32.51880556	0.208050384	0.060070337	0.077404601	0.109063839	1
50.3265	32.493228	0.205137515	0.079844964	0.134462718	0.056214458	1
50.3265	32.493228	0.257139058	0.118300189	0.0720751	0.084020859	1
50.3265	32.493228	0.179128424	0.15194115	0.037019152	0.053795228	1
50.3265	32.493228	0.194225424	0.134153494	0.101376196	0.069998514	1
50.3265	32.493228	0.319718083	0.128409929	0.009705894	0.06947487	1
50.747778	25.324444	0.106689847	0.121796334	0.074264169	0.083999985	1
47.803529	35.202091	0.128998374	0.192468384	0.095424204	0.114852916	1
-1.28	29.69	0.255952381	0.242063492	0.003076923	0.364705882	1
39	-123.21	0	0.018292683	0	0	1
39.15	-123.65	0.083333333	0	0	na	1
39	-123.21	0	0.011904762	0	0.077222222	1
39.15	-123.65	0.018518519	0	0.015625	0	1
39	-123.21	0.020408163	0	0	0.025	1
39.15	-123.65	0	0.009090909	0.003787879	0	1
39	-123.21	0	0.012244898	0	0	1
39.15	-123.65	0	0	0	0	1
39	-123.21	0	0.007751938	0	0.035714286	1
39.15	-123.65	0	0	0	0	1
39.15	-123.65	0	0	0	na	1
39	-123.21	0	0.03	0	0	1
39	-123.21	0.067857143	0	0	0.041666667	1
39.15	-123.65	0.037759463	0.012237762	0.002824859	0	1
39	-123.21	0.025	0.01843318	0	0.020833333	1
39.15	-123.65	0.009259259	0.010802469	0.004385965	0	1
39	-123.21	0.02	0.01025641	0	0	1
39.15	-123.65	0	0.008474576	0	0	1
39	-123.21	0.025	0	0	0	1
39.15	-123.65	0	0.016283525	0	0.003267974	1
38.68	-122.046	0.065300824	0.026404042	0	0.035120577	1
38.68	-122.046	0.042347829	0.029844889	0.000556174	0.028060279	1
38.68	-122.046	0.051348544	0.012765957	0.001729072	0.024264973	1
38.68	-122.046	0.064369345	0.020096916	0.001749233	0.050299382	1
38.68	-122.046	0.071033532	0.022411323	0.021406196	0.072581241	1
38.74	-120.74	0.039610092	0.016039257	0.002072567	0.023207737	1
38.74	-120.74	0.024535088	0.029311019	0.001720935	0.012064056	1
38.74	-120.74	0.074842193	0.02710877	0.001927114	0.030789803	1
38.74	-120.74	0.045656957	0.018711046	0.001849603	0.038567685	1
38.02	-121.2	0.005629384	0.011030775	0.008305151	0.002647059	1
38.02	-121.2	0.004019218	0.011293897	0.001739793	0.021422458	1
38.02	-121.2	0.045479722	0.016046164	0.000605216	0	1
37.97	-120.26	0.075747528	0.020086408	0.000798461	0.012225152	1
37.97	-120.26	0.080292183	0.033999093	0.001556873	0.022027457	1
37.97	-120.26	0.020782075	0.011704469	0.002548229	0.014180006	1
37.97	-120.26	0.071542924	0.009643661	0.005248037	0.057925932	1
37.97	-120.26	0.045920389	0.012772031	0.00732686	0.020337988	1
38.53	-121.97	0	0.007619048	0.000732601	0	1
25.467464	-80.47967	0.317222911	0.045259001	0.052461539	0.391849226	1
25.5	-80.477	0.445016782	0.093992144	0.09787573	0.367286535	1
25.5	-80.477	0.23883823	0.018611287	0.110963803	0.285585373	1
25.467464	-80.47967	0.348246159	0.040666985	0.058886389	0.370931193	1
33.95	-83.36	0.423725911	0.008865333	0.008993989	0.047860794	1
33.95	-83.36	0.420859871	0.050275918	0.021615672	0.011528665	1
30.99	-83.37	0.273884916	0.106440736	0.071628377	0.272919732	1
40.11	-88.21	0.182427245	0.035836673	0.002635733	0.028841861	1
39.0913433	-95.6246509	0.200151861	0.072734572	0.003648577	0.071609326	1
39.202831	-95.741527	0.218797647	0.022567389	0.009589192	0.111536565	1
30.43	-91.12	0.081980519	0.092755826	0.017579365	0.093681319	1
30.43	-91.12	0.053030303	0.05462585	0.088744589	0.083829365	1
30.43	-91.12	0	0.1675	0.020676692	0.0625	1
30.43	-91.12	0.033528672	0.16036435	0.025189153	0.086834027	1
30.43	-91.12	0.074691358	0.05744479	0.027222222	0.083333333	1
30.43	-91.12	0.004761905	0.168195693	0	0.105867347	1
30.43	-91.12	0.141774892	0.043865024	0.068262054	0.138613173	1
30.43	-91.12	0.073260073	0.077681332	0.046248449	0.011904762	1
30.43	-91.12	0.046957672	0.114804881	0.012446581	0.017857143	1
30.43	-91.12	0.049801587	0.147933334	0.004555397	0.094372519	1
32.5	-92.14	0.18	0.133333333	0	0	1
32.5	-92.14	0.206666667	0.020833333	0	0	1
32.5	-92.14	0.33989899	0.01537037	0	0.197435897	1
32.5	-92.14	0.26260577	0.08089313	0.003508772	0.132626263	1
32.5	-92.14	0.18999334	0.161068707	0.00308642	0.007407407	1
32.5	-92.14	0.226190476	0.250932869	0.001420455	0.077100504	1
32.5	-92.14	0.113095238	0.044736842	0	0.221768707	1
32.5	-92.14	0.366904762	0.088306535	0	0.158522034	1
32.5	-92.14	0.230936221	0.095973545	0.001915709	0.182224026	1
32.5	-92.14	0.259638047	0.136839785	0.002155172	0.063789683	1
44.039352	-69.864744	0.054770334	0.004314064	0.024476649	0.06657952	1
44	-69.96	0.15383064	0.080003642	0.002119523	0.001417434	1
44	-69.96	0.180781829	0.147887051	0.026824214	0.051941997	1
44.039352	-69.864744	0.073453363	0.010015408	0.015141649	0.043567698	1
42.45	-71.67	0.207003767	0.029519745	0.000941725	0.029352961	1
42.45	-71.67	0.220556668	0.038861073	0.000747863	0.038926701	1
42.45	-71.67	0.133918061	0.049716357	0.001225906	0.014185787	1
42.45	-71.67	0.203370059	0.041509953	0.002084345	0.015755657	1
42.1111	-86.4483	0.161790664	0.038186969	0.004164533	0.011456819	1
42.1111	-86.4483	0.13528418	0.008927004	0.023727811	0.026660679	1
42.35	-76.57	0	0.008928571	0	0	1
42.44	-76.5	0.157847611	0.052438094	0.001962014	0	1
42.44	-76.5	0.165944496	0.156221179	0.000809717	0	1
35.76	-78.66	0.121060425	0.038236397	0.010618657	0.01962868	1
35.77	-78.63	0.123313061	0.081243837	0.02386302	0.010301899	1
39.88	-75.41	0.109752604	0.035417646	0.001193316	0.017431655	1
39.88	-75.41	0.117281909	0.063080098	0.001434095	0.064828015	1
39.88	-75.41	0.229708144	0.048668035	0.008977337	0.107930583	1
39.88	-75.41	0.184979962	0.011072039	0.017128429	0.037151622	1
39.88	-75.41	0.13894641	0.027851931	0.01397736	0.024433817	1
39.88	-75.41	0.204372722	0.076469961	0.033072102	0.079885714	1
39.88	-75.41	0.178984014	0.033431965	0.039008683	0.083462419	1
39.88	-75.41	0.17085752	0.078645988	0.002314059	0.083568188	1
39.88	-75.41	0.177832039	0.039378535	0.026929447	0.042865883	1
39.88	-75.41	0.170804356	0.031335239	0.013641959	0.027002643	1
39.88	-75.41	0.144003343	0.06740967	0.012546229	0.027281439	1
39.88	-75.41	0.192721189	0.041320728	0.001782504	0.058157083	1
39.88	-75.41	0.183695587	0.074995463	0.000875472	0.096171193	1
39.88	-75.41	0.21975623	0.074741352	0.011248973	0.020597905	1
39.88	-75.41	0.154203562	0.038027967	0.000516236	0.027575872	1
40.793395	-77.860001	0.211310927	0.043882771	0.010195591	0.043096172	1
40.793395	-77.860001	0.223969683	0.105897935	0.005566288	0.059971973	1
40.793395	-77.860001	0.13467099	0.028064307	0.002825611	0.074788064	1
41.823834	-71.396821	0.144608327	0.013219431	0.002777778	0.124482592	1
41.823834	-71.396821	0.252223742	0.005961252	0	0.272791737	1
41.823834	-71.396821	0.192466899	0.007326007	0.003296703	0.234637619	1
41.833989	-71.4047	0.197709829	0.074666389	0.009563914	0.039321601	1
41.833989	-71.4047	0.175385662	0.011166253	0.001152074	0.052332121	1
41.827639	-71.401978	0.220147576	0.087829323	0.000910747	0.017051394	1
41.823834	-71.396821	0.192276239	0.009367681	0.001873898	0.227550929	1
41.823612	-71.389529	0.148808412	0.045105285	0	0.06822432	1
41.834655	-71.39653	0.10340946	0.064047332	0.001358696	0	1
41.823834	-71.396821	0.203223916	0.066387047	0.007782032	0.039885212	1
41.834655	-71.39653	0.07325848	0.062749055	0.001344086	0.014423077	1
41.825072	-71.412921	0.243263261	0.087032752	0.003200205	0.037508111	1
41.833989	-71.4047	0.072800854	0.012138189	0.003149408	0.095237083	1
41.827639	-71.401978	0.062842604	0.013196481	0	0.068664091	1
41.827639	-71.401978	0.070908098	0.022564642	0	0.058151538	1
41.823612	-71.389529	0.109467188	0.123552359	0.003256003	0.015546261	1
41.823612	-71.389529	0.178149162	0.108022081	0.004166667	0.037038639	1
33.39	-80.34	0.254756481	0.007365094	0.009544225	0.061589296	1
33.57	-100.9	0.212173149	0.139295274	0.001740716	0	1
33.57	-100.9	0.352042548	0.05332752	0.002797203	0.068842024	1
33.57	-100.9	0.453286612	0.086703696	0.002506266	0.112003968	1
33.57	-100.9	0.416627817	0.074736118	0.002057613	0.102985348	1
33.57	-100.9	0.315079134	0.093298368	0.005	0.053061224	1
33.57	-100.9	0.394327201	0.12782704	0	0.114345506	1
33.57	-100.9	0.353188875	0.092027417	0.004081633	0.117332852	1
33.57	-100.9	0.418146559	0.074437927	0	0.047552733	1
33.57	-100.9	0.431021718	0.101513496	0.001412429	0.08255719	1
33.57	-100.9	0.425394477	0.024365079	0	0.063888889	1
30.23	-99.66	0.214496026	0.035002902	0.012117098	0.077170139	1
30.23	-99.66	0.573414045	0.092648594	0	0.077298495	1
30.23	-99.66	0.362301587	0.053603397	0	0.14462963	1
30.23	-99.66	0.342076376	0.07133924	0	0.188095238	1
30.23	-99.66	0.31656746	0.039302968	0.010430839	0.233421517	1
30.23	-99.66	0.429058442	0.076769424	0	0.066993464	1
30.23	-99.66	0.273586514	0.023911383	0.007653061	0.239010989	1
30.23	-99.66	0.358631772	0.048237873	0.009751773	0.171212121	1
30.23	-99.66	0.333866027	0.01822264	0.007749288	0.080481845	1
30.23	-99.66	0.343223443	0.027011642	0.010680699	0.176560847	1
38	-78.47	0.117695345	0.013641039	0.000663845	0.024395357	1
38	-78.47	0.142811308	0.015953599	0.002554084	0.022391608	1
38	-78.47	0.199421627	0.01346484	0.004400688	0.011149097	1
38	-78.47	0.213530364	0.016095949	0.002026162	0.026427397	1
38	-78.47	0.222034239	0.010767836	0.003428259	0.019921234	1
38	-78.47	0.303422168	0.00531557	0.002627145	0.017648287	1
37.979	-78.4897	0.164536595	0.010269677	0.003962704	0	1
37.979	-78.4897	0.259239217	0.018335046	0.005783638	0.021850043	1
37.979	-78.4897	0.19635662	0.008064516	0	0.051474668	1
37.979	-78.4897	0.157153293	0.024066897	0.000154655	0.0023912	1
37.979	-78.4897	0.176130033	0.008609202	0.000725024	0.035370398	1
37.979	-78.4897	0.132021792	0.012904004	0.002110774	0.028558683	1
37.979	-78.4897	0.173555016	0.009210526	0.00043592	0.014666816	1
37.979	-78.4897	0.178120732	0.009763655	0.00121292	0.0299785	1
37.979	-78.4897	0.145885561	0.017154061	0.001539244	0.026819366	1
37.979	-78.4897	0.160041669	0.002344697	0.000412505	0.041600093	1
37.979	-78.4897	0.165216856	0.012253843	0.001328962	0.015828513	1
37.979	-78.4897	0.20358021	0.018005248	0.001130102	0.031214845	1
37.979	-78.4897	0.161076291	0.032889099	0.000780437	0.015381429	1
37.979	-78.4897	0.158957312	0.013164847	0.00021796	0.010690345	1
37.979	-78.4897	0.130924789	0.024374174	0.002390253	0.029038046	1
37.979	-78.4897	0.162335603	0.047132638	0.001572809	0.02051988	1
37.979	-78.4897	0.138492366	0.015900663	0.002026334	0.010637802	1
37.979	-78.4897	0.24181273	0.019273233	0.001417149	0.012744813	1
37.979	-78.4897	0.300344117	0.010820761	0.001684612	0.016883851	1
37.979	-78.4897	0.307893656	0.005921918	0.000366569	0.009370869	1
37.979	-78.4897	0.204989834	0.012116146	0.000391776	0.020076823	1
37.979	-78.4897	0.229987843	0.015949758	0.004649662	0.030515224	1
37.979	-78.4897	0.424330013	0.011527466	0.003045683	0	1
37.979	-78.4897	0.265714876	0.008752158	0.001816451	0.025423127	1
37.979	-78.4897	0.196224844	0.007860445	0.001303781	0.003921569	1
37.979	-78.4897	0.18017469	0.024112396	0.000413565	0.028872611	1
37.979	-78.4897	0.13653468	0.024689172	0.000788577	0.014222786	1
37.979	-78.4897	0.247106012	0.018602851	0.000648104	0.032534075	1
37.979	-78.4897	0.108266315	0.026074363	0.002023217	0.019571403	1
37.979	-78.4897	0.156979668	0.039462599	0.000332557	0.037780687	1
37.979	-78.4897	0.158239527	0.026970639	0.002192747	0.003198531	1
37.979	-78.4897	0.253242937	0.016502529	0.000705812	0.00923229	1
37.979	-78.4897	0.210573159	0.03076737	0.00299541	0.020161246	1
37.979	-78.4897	0.271963183	0.017437876	0.005631987	0.029965582	1
37.979	-78.4897	0.18316987	0.029291856	0.001272109	0.016862615	1
37.979	-78.4897	0.24279686	0.02861241	0.001672877	0.032386475	1
37.979	-78.4897	0.136930024	0.007369615	0.000896057	0.018384234	1
37.979	-78.4897	0.094878075	0.024646217	0.01299042	0	1
37.979	-78.4897	0.141205368	0.009294697	0.00212573	0.046887815	1
37.979	-78.4897	0.216207988	0.002151639	0.001844846	0.04776448	1
37.979	-78.4897	0.118080637	0.026134169	0.000862813	0.002232143	1
37.979	-78.4897	0.236219336	0.020979021	0.004065041	0	1
37.979	-78.4897	0.149305556	0.119747899	0	0	1
37.979	-78.4897	0.189377945	0.010185185	0.000997009	0	1
47.23713	-122.39627	0.081264172	0.022968342	0.00161569	0.020555476	1
43.11	-89.65	0.066158253	0.026781884	0.000625	0.025124682	1
43.11	-89.65	0.101008843	0.022865685	0.00197579	0.08470754	1
43.11	-89.65	0.120962404	0.02840106	0.000849716	0.025641298	1
43.11	-89.65	0.124512314	0.042082003	0.011313391	0.045975023	1
43.11	-89.65	0.108568785	0.018825606	0.00240655	0.069421005	1
43.11	-89.65	0.114926584	0.044866996	0.015463708	0.03696669	1
43.11	-89.65	0.188275486	0.026213621	0.00212965	0.054756724	1
-30.97	27.59	0.4	0.015873016	0.006153846	0	1
-23.94	31.14	0.443092622	0.288725824	0.007259407	0.004901961	1
-25.42	30.1	0.300930459	0.10882149	0.002830865	0.116483516	1
-16.54	28.72	0.224286946	0.119206729	0.004570956	0.102371718	1
-17.94	25.83	0	0.021164021	0	0	1
-43	147.3	0	0.05	0	0	0
-42.77	147.56	0.055555556	0.25	0.25	0.194444444	0
-42.769	147.67	0.04	0	0	0.067	0
-37.7	144.8	0.05	0.07	0.02	0.02	0
-36.4	145.4	0.03	0	0	0.06	0
-36.1	146.5	0.03	0.06	0.08	0.03	0
-35.5	149.8	0.1	0.16	0.12	0.043	0
-35.3	149.2	0.09	0.04	0.01	0.1	0
-35	138.5	0.03	0	0	0	0
-34.9	138.6	0.22	0	0	0.06	0
-33.58	18.36	0.154	0.038	0	0.038	0
-32.6	149.6	0.07	0.11	0.05	0.11	0
-31.9	116	0.02	0	0.095	0.075	0
-28.7	152	0.1	0.1	0	0.19	0
-27.6	152	0.22625	0.14375	0.105	0.605	0
-27.6	152.3	0.26375	0.1075	0.08875	0.38875	0
-27.6	152.7	0.17625	0.12625	0.085	0.42125	0
-27.6	152.9	0.235714286	0.121428571	0.088571429	0.55	0
-27.5	153	0.22	0.09	0.03	0.21	0
-27.5	153.3	0.204285714	0.102857143	0.105714286	0.472857143	0
-27.4	151.7	0.097142857	0.044285714	0.03	0.358571429	0
-27.2	151.3	0.255714286	0.232857143	0.048571429	0.361428571	0
-26.6	153	0.21	0.06	0.06	0.45	0
-26.1	31.5	0.222	0.111	0	0	0
-25.418625	30.104585	0.238095238	0.106382979	0	0.052631579	0
-23.944	31.14	0.285714286	0.2	0	0	0
-21.19	47.39	0.286	0	0	0	0
-20.1	57.3	0	0	0	0	0
-19.41	63.25	0	0	0	0	0
-19.3	146.7	0.33	0.44	0.22	0.55	0
-18.54	47.32	0.269	0	0	0	0
-18.45	22.45	0.352	0.099	0	0.197	0
-17.5	146	0.4	0.2	0	1	0
-16.917	145.767	0.318	0.087	0.182	0.519	0
-16.536	28.718	0.223350254	0.121827411	0	0.106598985	0
-13.59	33.44	0.167	0	NA	NA	0
-13.01	33.3	0.2	0.04	NA	NA	0
-12.5	130.8	0.25	0.25	0.25	0.58	0
-12	32	0.244	0.233	0	0.035	0
-11.4	130.7	0.55	0.46	0.46	0.27	0
-8.8	148.3	0.46	0.18	0.5	0.68	0
-4.37	55.27	0.176	0.088	0	0.235	0
-4.2	15.09	0	0	0	0	0
-4.18	15.09	0.083	0.05	0.083	0.1	0
-4.15	15.14	0.095	0.012	0.0595	0.0715	0
-2.49	28.92	0.111111111	0.037037037	0	0.148148148	0
-1.17	36.49	0.185	0	0.019	0.074	0
-1.05	34.45	0	0	0	0.048	0
-0.1	37	0.267	0	0	0	0
3.1333	101.7	0.2391	0.1522	0.0435	0.1739	0
5.52	-7.27	0.51	0.0995	0.277	0.588	0
5.93	116.05	0.1739	0.1522	0.1522	0.3043	0
6.15	-5	0.625	0.163	0.242	0.333	0
6.21	2.25	0.639	0.111	0.333	0.306	0
6.22	2.3	0.138	0.034	0.069	0	0
6.25	10.4333	0.1	0	0	0.153846154	0
8.13	77.54	0.1818	0.2091	0.1182	0.2454	0
8.249461	34.591813	0	0	0	0	0
8.53	76.94	0.1667	0.2281	0.2018	0.2456	0
9.74	76.25	0.1774	0.1855	0.0968	0.2339	0
9.812635	38.631785	0	0	0	0	0
10	76.3	0.0982	0.2321	0.0893	0.1696	0
10.3	123.9	0.1842	0.1316	0.0789	0.1316	0
12.2	76.64	0.1875	0.1923	0.0673	0.1731	0
12.93	77.59	0.1694	0.1532	0.1048	0.2903	0
13.07	80.28	0.1829	0.1951	0.1585	0.2683	0
13.08333	100.4833	0.1647	0.1429	0.1429	0.2619	0
13.6	79.42	0.1852	0.1852	0.1204	0.2685	0
14.4	-17.26	0.405	0.081	0.405	0	0
16.25	-61.28	0.038461538	0.000236574	0.074534161	0.40877193	0
16.32	-61.78	0	0.010733802	0.006674757	0.496506986	0
18.47	-66.11	0.048	0	0.012	0.434	0
18.75	98.96667	0.18	0.18	0.1	0.18	0
19.43	-99.13	0	0.2	0.033	0.067	0
24.33	123.82	0.645	0.29	0.385	0.89	0
24.37	124.16	0.605	0.39325	0.4265	0.78675	0
25.01	82.5	0.0548	0.1096	0.0274	0.1438	0
25.04	83.19	0.0093	0.0421	0	0.028	0
25.07	83.19	0.0306	0.017	0	0	0
25.27	83.03	0.0267	0.0333	0.0333	0.0067	0
25.33	82.97	0.0449	0.0269	0.0059	0	0
25.47	82.97	0.0435	0.0326	0	0	0
25.471	-80.468	0.347666667	0.037333333	0.092	0.401333333	0
25.49	83.58	0.0769	0.0833	0.0385	0.1282	0
25.5	91.89	0.1212	0.0985	0.1136	0.1667	0
25.6	85.14	0.0932	0.1017	0	0.1186	0
25.87	-80.19	0.2495	0.2755	0.1295	0.4455	0
26.13	91.74	0.1	0.095	0.075	0.16	0
26.16	-97.82	0.1878	0.2265	0.2611	0.5778	0
26.17	-98.05	0.137	0.1644	0.2329	0.4384	0
26.18	-97.79	0.1497	0.1361	0.2585	0.517	0
26.22	-98.33	0.2364	0.3455	0.2342	0.5856	0
26.38	-98.82	0.2308	0.25	0.3077	0.4423	0
26.5	127.98	0.64	0.43	0.425	0.67	0
26.67	88.42	0.0345	0.0172	0.0517	0	0
26.91	-99.27	0.1769	0.21045	0.1976	0.3567	0
27	142.21	0.21	0.0225	0.1025	0.3275	0
27.17	-81.36	0.186	0.214	0.059	0.793	0
27.92	-81.59	0.15	0.183	0.046	0.804	0
28.5	-81.38	0.185	0.225	NA	NA	0
30.096574	31.322436	0.571428571	0.153846154	0.125	0	0
30.25	-81.66	0.1215	0.1985	0.067	0.203	0
30.991	-83.371	0.286	0.106	0.073	0.284	0
32.08	130.35	0.005	0.005	0	0	0
32.22	-110.92	0.278	0.236	0.194	0.236	0
32.41	-91.19	0.0364	0.0357	0.0545	0.1111	0
32.6	74.86	0.1885	0.123	0.1557	0.2295	0
33.22	130.16	0.005	0	0	0	0
33.3	130.69	0.12	0.005	0	0.09	0
33.4	-80.35	0.242	0.008	0.009	0.069	0
33.42	-111.83	0.1	0.25	0.09	0.24	0
33.45	131.35	0.045	0.055	0	0.05	0
33.5	132.54	0	0	0.003	0	0
33.58	-101.86	0.08	0.178	0.199	0.195	0
33.77	-89.81	0.0971	0.08	0.0229	0.2057	0
33.95	-83.36	0.417873403	0.039100958	0.01662787	0.02971489	0
34	-81.03	0.08	0.08	0.01	0.13	0
34.21	-89.95	0.1346	0.0577	0.0577	0.1321	0
34.55	135.5	0.16	0.103	0.071	0.076	0
34.72	135.33	0.155	0.083333333	0.052666667	0.126	0
34.73	134.04	0.04	0.04	0.003	0.025	0
34.8	135.43	0.12	0.105	0.075	0.1	0
34.83	133.26	0.025	0.005	0.005	0.015	0
35.066461	33.322646	0.323964497	0.001141987	0.144122765	0.149127446	0
35.12	138.92	0.138333333	0.058066667	0.043866667	0.129533333	0
35.25	136.87	0.025	0.02	0.015	0.07	0
35.33	139.35	0.138	0.116	0.014	0.065	0
35.4	-119.02	0.029	0.152	NA	NA	0
35.47	137.05	0.15	0.035	0.015	0.185	0
35.48	132.82	0.015	0.01	0.01	0.095	0
35.5	-78.74	0.054	0.096	0.016	0.118	0
35.5	133.81	0.19	0.135	0.105	0.19	0
35.63	139.27	0.2051875	0.16	0.045	0.234625	0
35.66	138.57	0.2755	0.201	0.055	0.147	0
35.76	-78.66	0.153658537	0.058536585	0.014634146	0.034146341	0
35.77	-78.64	0.051816667	0.1118	0.0211	0.105966667	0
35.78	-78.638	0.093	0.091	0.024	0.021	0
35.82	-78.87	0.0575	0.076	0.038	0.1515	0
35.9	139.63	0.087	0.076	0.022	0.054	0
35.97	-83.92	0.042	0.126	0.02	0.112	0
36.12	137.95	0.097	0.0845	0.01175	0.14575	0
36.35	139.7	0.126666667	0.118333333	0.055	0.108333333	0
36.68	137.18	0.045	0.1	0.045	0.13	0
37.13	138.24	0.1	0.04	0.01	0.03	0
37.3308	-3.173416	0.26523888	0.030934213	0.065760307	0.089876033	0
37.3377875	-3.1786148	0.238916256	0.051552431	0.057003654	0.076576577	0
37.353733	-3.167179	0.101134216	0.054545455	0.044805623	0.113372093	0
37.661547	-2.79631	0.284708249	0.013942857	0.128129602	0.044728435	0
37.67	-75.69	0	0.07	0.07	0.14	0
37.97	-120.26	0.055161084	0.024527972	0.003930548	0.025192137	0
38	-78.47	0.2340071	0.017794513	0.003756684	0.017990116	0
38.02	-121.2	0.017206282	0.016646807	0.003624028	0.008328281	0
38.03	-78.479	0.1255	0	0	0.0105	0
38.08	140.17	0.22675	0.11225	0.00575	0.101	0
38.18	20.57	0.0462	0.0769	0	0	0
38.28	141	0.12	0.07	0.005	0.85	0
38.53	-121.97	0	0	0	0	0
38.59	-90.36	0.053325	0.085275	0.04795	0.196725	0
38.68	-122.046	0.054537932	0.025951759	0.006103648	0.043960179	0
38.74	-120.74	0.049492989	0.032052866	0.002395841	0.026252261	0
39.0913433	-95.6246509	0.197799624	0.080189725	0.005426273	0.070391261	0
39.152529	-3.0616048	0.201750771	0.017536646	0.052903973	0.018611052	0
39.15805	-3.021	0.258881492	0.06019379	0.074487371	0.062169286	0
39.202831	-95.741527	0.22068392	0.021021322	0.009522146	0.108839171	0
39.23	-78.16	0.023	0	0	0.015	0
39.5	141.29	0.205	0.05	0.01	0.07	0
39.53	-75.245	0.1639	0.0376	0.0117	0.0447	0
39.76	140.12	0.045	0.06	0.025	0.08	0
39.88	-75.41	0.176918132	0.069633081	0.00547159	0.043436948	0
39.91	116.41	0.133333333	0	0.3	0.133333333	0
40.11	-88.21	0.18362882	0.046360327	0.003436774	0.027497937	0
40.231444	32.260328	0.167601649	0.01253603	0.046932759	0.100479274	0
40.63	-96.96	0.045	0.045	0.091	0.091	0
40.793395	-77.860001	0.190027489	0.067616846	0.005915222	0.057407711	0
40.81	-96.68	0.107	0.147	0.073	0.153	0
41.15	-8.41	0.206085122	0.034256589	0.086556025	0.137170098	0
41.383	-8.767	0.381	0.081	0.128	0.195	0
41.383	2.183	0.1765	0.0615	0.0525	0.047	0
41.6175899	0.6200146	0.246659796	0.014246567	0.101064322	0.160849489	0
41.656416	0.388472	0.264485619	0.002927589	0.079645183	0.19081555	0
41.85	140.4	0.16	0.075	0.13	0.125	0
42.1111	-86.4483	0.149170774	0.028306426	0.013424152	0.018715139	0
42.3	-122.86	0	0.005	NA	NA	0
42.35	-76.57	0.105263158	0.026315789	0	0.026315789	0
42.443	-76.5	0.147	0.0935	0	0	0
42.45	-71.67	0.165534736	0.055163338	0.00216661	0.015622793	0
42.456	-71.674	0.21	0.03	0	0.0345	0
43.08	-79.04	0	0	0.005	0	0
43.095	-89.661	0.099666667	0.012666667	0	0.030666667	0
43.11	-89.65	0.127111112	0.04245616	0.009114575	0.05075867	0
43.2	-5.9	0.238190476	0.124428571	0.185380952	0.173	0
43.4	22.42	0.0890473	0.014962802	0.02428148	0.000583036	0
43.6	3.88	0.063157895	0	0.044444444	0.106060606	0
43.67	-70.26	0.024	0.032	0.016	0.032	0
44	-123.09	0.014	0.066	NA	NA	0
44.023	-69.884	0.168666667	0.092666667	0	0.01	0
44.5015	34.1661	0.083003953	0.008305648	0.013690476	0.015471167	0
44.5015	34.16611944	0.145118834	0.03334843	0.022078109	0.078709761	0
44.976813	4.930005	0.078356676	0.001248953	0.012814854	0.023621392	0
44.977	4.93	0.052540924	0.000300388	0.02547589	0.061409957	0
45.15	20.18	0.074493608	0.038366219	0.029009752	0.002232143	0
46.2	11.13333	0.129770992	0.001026343	0.008766803	0.007121058	0
46.212856	11.08755	0.107981221	0.059689507	0.07398568	0.066766692	0
46.217939	11.123423	0.155518395	0.000456204	0.097293594	0.110709988	0
46.25	20.13	0.17	0.041237113	0.044013683	0.009892828	0
46.44	30.77	0.144456887	0.09277177	0.050596659	0.00870322	0
46.44155556	30.77169444	0.205155142	0.083480383	0.040394897	0.051339666	0
46.49	30.71	0.209440195	0.066737568	0.021719355	0.055059499	0
46.517	11.367	0.227	0.089	0.06	0.041	0
46.53	-80.96	0.132383633	0.026829485	0.002407108	0.027487787	0
46.5670416	6.701867	0.409133521	0.095802102	0.055331366	0.162431413	0
46.8136889	13.50794792	0.302542085	0.049036389	0.033688625	0.130193927	0
47.6062	-122.3321	0.074764249	0.032087473	0.003390444	0.018513738	0
48.18	11.61	0.30800968	0.106906817	0.011503285	0.040921363	0
48.2	16.55	0.4495	0.045	0.0385	0.1035	0
48.218	7.82	0.240223093	0.069130988	0.01368531	0.078813676	0
48.218024	7.819513	0.114367058	0.036087207	0.010157747	0.057068871	0
48.375	15.56	0.210000612	0.075887756	0.022424125	0.039708364	0
48.75	30.2	0.15374677	0.139844257	0.065217391	0.106044539	0
48.75327778	30.20580556	0.157743539	0.083958755	0.073649163	0.09927949	0
48.754	2.158	0.248745942	0.052327954	0.064180755	0.064352282	0
48.7543324	2.1584108	0.152712793	0.029856791	0.059797456	0.101507588	0
48.76	30.17	0.159118727	0.234124629	0.089775561	0.095878136	0
49.32991667	23.50280556	0.15685175	0.088596493	0.008940183	0.122714065	0
49.72	31.53	0.166383701	0.045143087	0.068117978	0.068965517	0
49.81852778	36.05475	0.189240776	0.073387262	0.077781799	0.049837368	0
50.25375	32.51880556	0.196892349	0.070951344	0.095705827	0.072296175	0
50.34402778	30.48911111	0.198219094	0.121306965	0.043617495	0.056300534	0
50.38	30.36	0.231322194	0.130575021	0.07410654	0.045172537	0
50.383374	30.368038	0.21027668	0.170296658	0.075983503	0.02039627	0
50.3834	30.3682	0.231481481	0.103588355	0.06656666	0.04249668	0
50.48469444	32.71425	0.191460085	0.058782542	0.098513291	0.065498604	0
50.53752	32.51880556	0.25648415	0.096471791	0.068925062	0.055737705	0
51.27	30.21	0.249576988	0.154292825	0.060304143	0.000650195	0
51.27263889	30.22136111	0.17249104	0.059215853	0.082362166	0.045298466	0
51.27888889	29.39438889	0.201726873	0.050941028	0.050367952	0.030798586	0
51.279245	30.213118	0.159140839	0.053307545	0.040742526	0.036690289	0
51.3352	30.136179	0.236055777	0.103821197	0.042632231	0.008342023	0
51.37	30.13	0.244186047	0.153181189	0.018228382	0.035237587	0
51.37330556	30.13830556	0.175500706	0.089702116	0.06195771	0.025103458	0
51.38691667	30.07330556	0.267293252	0.095580813	0.034272745	0.015681631	0
51.4	30.05416645	0.313504823	0.132829714	0.0968849	0.049206349	0
52.02	5.1	0.236842105	0	0.026315789	0.026315789	0
52.142193	23.662434	0.15969257	0.037724898	0.040781779	0.034123223	0
52.433592	-1.102667	0.07589658	0.01928494	0.025664697	0.026666667	0
52.46	-0.959	0.123628383	0.027366609	0.000141263	0.01249321	0
52.4608	-0.959	0.039676708	0.010699133	0.012182283	0.001713062	0
52.475769	-0.921517	0.017768301	0.020035461	0.022984887	0.03890411	0
53.39052	-1.520599	0.151146132	0.002952574	0.001540832	0.029977376	0
53.391	-1.521	0.230824373	0.011127326	0.001062861	0.04185022	0
53.99778	38.13167	0.233311302	0.000164312	0.02333738	0.028117914	0
54.27342	19.620169	0.312177016	0.048112387	0.00192013	0.011665505	0
54.35	18.64	0.253164557	0.01037385	0.002586653	0.075980392	0
55.694	13.198	0.129667615	0.007010204	0.014378838	0.017938141	0
55.945128	10.212586	0.156097107	0.075190567	0.00297926	0.000391799	0
55.972871	-3.351475	0.102137767	0.013529765	0.004591837	0.002824859	0
56.344534	-2.952766	0.033130494	0.009414929	0.001466276	0	0
56.3447	-2.9525	0.034511093	0.012807685	0	0	0
56.41472	38.71611	0.157730205	0.062678689	0.013766377	0.011445389	0
57.9788789	33.243615	0.187598116	0.014928193	0.011252446	0.066748316	0
58.024	33.23528	0.18114719	0.039043715	0.000357072	0.000448525	0
58.02444	33.235277	0.102676413	0.029745597	0.022972283	0.005859545	0
61.1	23.52	0.284933485	0.057581287	0.021177626	0.014596884	0
62.55	26.24	0.295416989	0.050556397	0.001007839	0.024497428	0
